ISU_CD,ISU_SRT_CD,ISU_NM,TDD_CLSPRC,FLUC_TP_CD,CMPPREVDD_PRC,TDD_OPNPRC,TDD_HGPRC,TDD_LWPRC,IMP_VOLT,NXTDD_BAS_PRC,ACC_TRDVOL,ACC_TRDVAL,ACC_OPNINT_QTY,SECUGRP_ID,TARGET_DATE,PRODUCT_ID
KR4201S72225,201S7222,코스피200 C 202207 222.5,-,0,-,-,-,-,3.00,85.85,0,0,0,OP,2022-07-11,KRDRVOPK2I
KR4201S72258,201S7225,코스피200 C 202207 225.0,-,0,-,-,-,-,3.00,83.35,0,0,5,OP,2022-07-11,KRDRVOPK2I
KR4201S72274,201S7227,코스피200 C 202207 227.5,-,0,-,-,-,-,3.00,80.85,0,0,0,OP,2022-07-11,KRDRVOPK2I
KR4201S72308,201S7230,코스피200 C 202207 230.0,-,0,-,-,-,-,3.00,78.35,0,0,149,OP,2022-07-11,KRDRVOPK2I
KR4201S72324,201S7232,코스피200 C 202207 232.5,-,0,-,-,-,-,3.00,75.85,0,0,0,OP,2022-07-11,KRDRVOPK2I
KR4201S72357,201S7235,코스피200 C 202207 235.0,-,0,-,-,-,-,3.00,73.35,0,0,0,OP,2022-07-11,KRDRVOPK2I
KR4201S72373,201S7237,코스피200 C 202207 237.5,-,0,-,-,-,-,3.00,70.85,0,0,0,OP,2022-07-11,KRDRVOPK2I
KR4201S72407,201S7240,코스피200 C 202207 240.0,-,0,-,-,-,-,3.00,68.35,0,0,9,OP,2022-07-11,KRDRVOPK2I
KR4201S72423,201S7242,코스피200 C 202207 242.5,-,0,-,-,-,-,3.00,65.85,0,0,0,OP,2022-07-11,KRDRVOPK2I
KR4201S72456,201S7245,코스피200 C 202207 245.0,-,0,-,-,-,-,3.00,63.35,0,0,0,OP,2022-07-11,KRDRVOPK2I
KR4201S72472,201S7247,코스피200 C 202207 247.5,-,0,-,-,-,-,3.00,60.85,0,0,0,OP,2022-07-11,KRDRVOPK2I
KR4201S72506,201S7250,코스피200 C 202207 250.0,-,0,-,-,-,-,3.00,58.35,0,0,3,OP,2022-07-11,KRDRVOPK2I
KR4201S72522,201S7252,코스피200 C 202207 252.5,-,0,-,-,-,-,3.00,55.85,0,0,0,OP,2022-07-11,KRDRVOPK2I
KR4201S72555,201S7255,코스피200 C 202207 255.0,-,0,-,-,-,-,3.00,53.35,0,0,0,OP,2022-07-11,KRDRVOPK2I
KR4201S72571,201S7257,코스피200 C 202207 257.5,-,0,-,-,-,-,3.00,50.85,0,0,0,OP,2022-07-11,KRDRVOPK2I
KR4201S72605,201S7260,코스피200 C 202207 260.0,-,0,-,-,-,-,3.00,48.35,0,0,0,OP,2022-07-11,KRDRVOPK2I
KR4201S72621,201S7262,코스피200 C 202207 262.5,-,0,-,-,-,-,3.00,45.85,0,0,0,OP,2022-07-11,KRDRVOPK2I
KR4201S72654,201S7265,코스피200 C 202207 265.0,-,0,-,-,-,-,3.00,43.35,0,0,0,OP,2022-07-11,KRDRVOPK2I
KR4201S72670,201S7267,코스피200 C 202207 267.5,-,0,-,-,-,-,3.00,40.85,0,0,0,OP,2022-07-11,KRDRVOPK2I
KR4201S72704,201S7270,코스피200 C 202207 270.0,-,0,-,-,-,-,3.00,38.35,0,0,0,OP,2022-07-11,KRDRVOPK2I
KR4201S72720,201S7272,코스피200 C 202207 272.5,-,0,-,-,-,-,3.00,35.85,0,0,1,OP,2022-07-11,KRDRVOPK2I
KR4201S72753,201S7275,코스피200 C 202207 275.0,-,0,-,-,-,-,3.00,33.35,0,0,0,OP,2022-07-11,KRDRVOPK2I
KR4201S72779,201S7277,코스피200 C 202207 277.5,-,0,-,-,-,-,3.00,30.85,0,0,2,OP,2022-07-11,KRDRVOPK2I
KR4201S72803,201S7280,코스피200 C 202207 280.0,-,0,-,-,-,-,3.00,28.35,0,0,10,OP,2022-07-11,KRDRVOPK2I
KR4201S72829,201S7282,코스피200 C 202207 282.5,-,0,-,-,-,-,3.00,25.85,0,0,7,OP,2022-07-11,KRDRVOPK2I
KR4201S72852,201S7285,코스피200 C 202207 285.0,-,0,-,-,-,-,3.00,23.35,0,0,40,OP,2022-07-11,KRDRVOPK2I
KR4201S72878,201S7287,코스피200 C 202207 287.5,21.40,2,-1.30,21.40,21.40,21.40,3.00,21.40,1,"5,350,000",43,OP,2022-07-11,KRDRVOPK2I
KR4201S72902,201S7290,코스피200 C 202207 290.0,19.10,2,-1.90,21.00,22.00,19.05,3.00,19.10,55,"280,712,500",176,OP,2022-07-11,KRDRVOPK2I
KR4201S72928,201S7292,코스피200 C 202207 292.5,15.85,2,-1.85,16.85,16.85,15.80,16.00,15.85,11,"44,700,000",206,OP,2022-07-11,KRDRVOPK2I
KR4201S72951,201S7295,코스피200 C 202207 295.0,13.35,2,-1.70,16.45,17.05,13.25,16.00,13.35,170,"612,375,000",637,OP,2022-07-11,KRDRVOPK2I
KR4201S72977,201S7297,코스피200 C 202207 297.5,11.20,2,-1.55,13.80,13.90,10.90,26.00,11.20,135,"399,087,500",890,OP,2022-07-11,KRDRVOPK2I
KR4201S73009,201S7300,코스피200 C 202207 300.0,9.00,2,-0.79,10.50,12.20,8.60,26.00,9.00,275,"717,197,500","2,758",OP,2022-07-11,KRDRVOPK2I
KR4201S73025,201S7302,코스피200 C 202207 302.5,6.89,2,-1.46,8.50,9.91,6.58,24.50,6.89,664,"1,240,505,000","4,871",OP,2022-07-11,KRDRVOPK2I
KR4201S73058,201S7305,코스피200 C 202207 305.0,5.02,2,-1.57,7.31,7.76,4.69,24.00,5.02,"3,323","4,783,590,000","8,873",OP,2022-07-11,KRDRVOPK2I
KR4201S73074,201S7307,코스피200 C 202207 307.5,3.42,2,-1.47,5.33,5.79,3.14,23.00,3.42,"16,991","17,403,905,000","12,646",OP,2022-07-11,KRDRVOPK2I
KR4201S73108,201S7310,코스피200 C 202207 310.0,2.13,2,-1.28,3.76,4.10,1.94,22.30,2.13,"69,703","47,649,227,500","22,061",OP,2022-07-11,KRDRVOPK2I
KR4201S73124,201S7312,코스피200 C 202207 312.5,1.23,2,-0.99,2.45,2.71,1.09,21.80,1.23,"144,122","63,482,365,000","18,910",OP,2022-07-11,KRDRVOPK2I
KR4201S73157,201S7315,코스피200 C 202207 315.0,0.64,2,-0.69,1.47,1.66,0.55,21.40,0.64,"247,617","61,530,785,000","32,363",OP,2022-07-11,KRDRVOPK2I
KR4201S73173,201S7317,코스피200 C 202207 317.5,0.30,2,-0.50,0.87,0.94,0.25,21.20,0.30,"290,769","39,507,390,000","30,873",OP,2022-07-11,KRDRVOPK2I
KR4201S73207,201S7320,코스피200 C 202207 320.0,0.14,2,-0.27,0.41,0.48,0.11,21.30,0.14,"316,212","22,565,620,000","52,452",OP,2022-07-11,KRDRVOPK2I
KR4201S73223,201S7322,코스피200 C 202207 322.5,0.07,2,-0.13,0.20,0.23,0.05,22.00,0.07,"216,328","6,579,260,000","52,422",OP,2022-07-11,KRDRVOPK2I
KR4201S73256,201S7325,코스피200 C 202207 325.0,0.04,2,-0.07,0.10,0.11,0.03,23.30,0.04,"151,077","2,515,847,500","38,231",OP,2022-07-11,KRDRVOPK2I
KR4201S73272,201S7327,코스피200 C 202207 327.5,0.02,2,-0.05,0.06,0.06,0.01,24.10,0.02,"97,289","928,780,000","32,436",OP,2022-07-11,KRDRVOPK2I
KR4201S73306,201S7330,코스피200 C 202207 330.0,0.02,2,-0.01,0.03,0.03,0.01,26.80,0.02,"46,324","230,057,500","48,167",OP,2022-07-11,KRDRVOPK2I
KR4201S73322,201S7332,코스피200 C 202207 332.5,0.01,5,-0.01,0.02,0.02,0.01,27.10,0.01,"28,399","75,335,000","30,835",OP,2022-07-11,KRDRVOPK2I
KR4201S73355,201S7335,코스피200 C 202207 335.0,0.01,3,0.00,0.01,0.02,0.01,29.60,0.01,"15,507","38,780,000","39,770",OP,2022-07-11,KRDRVOPK2I
KR4201S73371,201S7337,코스피200 C 202207 337.5,0.01,3,0.00,0.01,0.01,0.01,30.80,0.01,"1,155","2,887,500","32,595",OP,2022-07-11,KRDRVOPK2I
KR4201S73405,201S7340,코스피200 C 202207 340.0,0.01,3,0.00,0.01,0.01,0.01,34.40,0.01,"1,601","4,002,500","34,222",OP,2022-07-11,KRDRVOPK2I
KR4201S73421,201S7342,코스피200 C 202207 342.5,0.01,3,0.00,0.01,0.01,0.01,33.40,0.01,39,"97,500","27,752",OP,2022-07-11,KRDRVOPK2I
KR4201S73454,201S7345,코스피200 C 202207 345.0,0.01,3,0.00,0.01,0.01,0.01,37.90,0.01,13,"32,500","30,585",OP,2022-07-11,KRDRVOPK2I
KR4201S73470,201S7347,코스피200 C 202207 347.5,0.01,3,0.00,0.01,0.01,0.01,37.80,0.01,8,"20,000","31,569",OP,2022-07-11,KRDRVOPK2I
KR4201S73504,201S7350,코스피200 C 202207 350.0,0.01,3,0.00,0.01,0.01,0.01,42.70,0.01,4,"10,000","38,481",OP,2022-07-11,KRDRVOPK2I
KR4201S73520,201S7352,코스피200 C 202207 352.5,0.01,3,0.00,0.01,0.01,0.01,43.10,0.01,3,"7,500","39,906",OP,2022-07-11,KRDRVOPK2I
KR4201S73553,201S7355,코스피200 C 202207 355.0,0.01,3,0.00,0.01,0.01,0.01,44.20,0.01,2,"5,000","30,189",OP,2022-07-11,KRDRVOPK2I
KR4201S73579,201S7357,코스피200 C 202207 357.5,-,0,-,-,-,-,47.06,0.01,0,0,"30,458",OP,2022-07-11,KRDRVOPK2I
KR4201S73603,201S7360,코스피200 C 202207 360.0,-,0,-,-,-,-,49.93,0.01,0,0,"35,658",OP,2022-07-11,KRDRVOPK2I
KR4201S73629,201S7362,코스피200 C 202207 362.5,0.01,3,0.00,0.01,0.01,0.01,52.80,0.01,1,"2,500","16,209",OP,2022-07-11,KRDRVOPK2I
KR4201S73652,201S7365,코스피200 C 202207 365.0,0.01,3,0.00,0.01,0.01,0.01,54.90,0.01,9,"22,500","25,507",OP,2022-07-11,KRDRVOPK2I
KR4201S73678,201S7367,코스피200 C 202207 367.5,-,0,-,-,-,-,56.13,0.01,0,0,"11,834",OP,2022-07-11,KRDRVOPK2I
KR4201S73702,201S7370,코스피200 C 202207 370.0,-,0,-,-,-,-,57.36,0.01,0,0,"13,693",OP,2022-07-11,KRDRVOPK2I
KR4201S73728,201S7372,코스피200 C 202207 372.5,0.01,3,0.00,0.01,0.01,0.01,58.60,0.01,12,"30,000","14,708",OP,2022-07-11,KRDRVOPK2I
KR4201S73751,201S7375,코스피200 C 202207 375.0,-,0,-,-,-,-,60.64,0.01,0,0,"12,460",OP,2022-07-11,KRDRVOPK2I
KR4201S73777,201S7377,코스피200 C 202207 377.5,-,0,-,-,-,-,62.68,0.01,0,0,"10,712",OP,2022-07-11,KRDRVOPK2I
KR4201S73801,201S7380,코스피200 C 202207 380.0,-,0,-,-,-,-,64.72,0.01,0,0,"21,821",OP,2022-07-11,KRDRVOPK2I
KR4201S73827,201S7382,코스피200 C 202207 382.5,-,0,-,-,-,-,66.77,0.01,0,0,"8,752",OP,2022-07-11,KRDRVOPK2I
KR4201S73850,201S7385,코스피200 C 202207 385.0,-,0,-,-,-,-,68.81,0.01,0,0,"8,401",OP,2022-07-11,KRDRVOPK2I
KR4201S73876,201S7387,코스피200 C 202207 387.5,-,0,-,-,-,-,70.85,0.01,0,0,"2,958",OP,2022-07-11,KRDRVOPK2I
KR4201S73900,201S7390,코스피200 C 202207 390.0,0.01,3,0.00,0.01,0.01,0.01,72.90,0.01,96,"240,000","8,354",OP,2022-07-11,KRDRVOPK2I
KR4201S73926,201S7392,코스피200 C 202207 392.5,-,0,-,-,-,-,75.04,0.01,0,0,"2,770",OP,2022-07-11,KRDRVOPK2I
KR4201S73959,201S7395,코스피200 C 202207 395.0,-,0,-,-,-,-,77.20,0.01,0,0,"2,928",OP,2022-07-11,KRDRVOPK2I
KR4201S73975,201S7397,코스피200 C 202207 397.5,-,0,-,-,-,-,79.35,0.01,0,0,"1,690",OP,2022-07-11,KRDRVOPK2I
KR4201S74007,201S7400,코스피200 C 202207 400.0,0.01,3,0.00,0.01,0.01,0.01,81.50,0.01,1,"2,500","6,046",OP,2022-07-11,KRDRVOPK2I
KR4201S74023,201S7402,코스피200 C 202207 402.5,-,0,-,-,-,-,81.50,0.01,0,0,"1,104",OP,2022-07-11,KRDRVOPK2I
KR4201S74056,201S7405,코스피200 C 202207 405.0,-,0,-,-,-,-,81.50,0.01,0,0,"2,057",OP,2022-07-11,KRDRVOPK2I
KR4201S74072,201S7407,코스피200 C 202207 407.5,-,0,-,-,-,-,81.50,0.01,0,0,789,OP,2022-07-11,KRDRVOPK2I
KR4201S74106,201S7410,코스피200 C 202207 410.0,-,0,-,-,-,-,81.50,0.01,0,0,"8,614",OP,2022-07-11,KRDRVOPK2I
KR4201S74122,201S7412,코스피200 C 202207 412.5,-,0,-,-,-,-,81.50,0.01,0,0,674,OP,2022-07-11,KRDRVOPK2I
KR4201S74155,201S7415,코스피200 C 202207 415.0,-,0,-,-,-,-,81.50,0.01,0,0,734,OP,2022-07-11,KRDRVOPK2I
KR4201S74171,201S7417,코스피200 C 202207 417.5,-,0,-,-,-,-,81.50,0.01,0,0,441,OP,2022-07-11,KRDRVOPK2I
KR4201S74205,201S7420,코스피200 C 202207 420.0,-,0,-,-,-,-,81.50,0.01,0,0,"1,335",OP,2022-07-11,KRDRVOPK2I
KR4201S74221,201S7422,코스피200 C 202207 422.5,-,0,-,-,-,-,81.50,0.01,0,0,220,OP,2022-07-11,KRDRVOPK2I
KR4201S74254,201S7425,코스피200 C 202207 425.0,-,0,-,-,-,-,81.50,0.01,0,0,298,OP,2022-07-11,KRDRVOPK2I
KR4201S74270,201S7427,코스피200 C 202207 427.5,-,0,-,-,-,-,81.50,0.01,0,0,27,OP,2022-07-11,KRDRVOPK2I
KR4201S74304,201S7430,코스피200 C 202207 430.0,-,0,-,-,-,-,81.50,0.01,0,0,600,OP,2022-07-11,KRDRVOPK2I
KR4201S74320,201S7432,코스피200 C 202207 432.5,-,0,-,-,-,-,81.50,0.01,0,0,45,OP,2022-07-11,KRDRVOPK2I
KR4201S74353,201S7435,코스피200 C 202207 435.0,-,0,-,-,-,-,81.50,0.01,0,0,75,OP,2022-07-11,KRDRVOPK2I
KR4201S74379,201S7437,코스피200 C 202207 437.5,-,0,-,-,-,-,81.50,0.01,0,0,9,OP,2022-07-11,KRDRVOPK2I
KR4201S74403,201S7440,코스피200 C 202207 440.0,-,0,-,-,-,-,81.50,0.01,0,0,120,OP,2022-07-11,KRDRVOPK2I
KR4201S74429,201S7442,코스피200 C 202207 442.5,-,0,-,-,-,-,81.50,0.01,0,0,3,OP,2022-07-11,KRDRVOPK2I
KR4201S74452,201S7445,코스피200 C 202207 445.0,-,0,-,-,-,-,81.50,0.01,0,0,106,OP,2022-07-11,KRDRVOPK2I
KR4201S74478,201S7447,코스피200 C 202207 447.5,-,0,-,-,-,-,81.50,0.01,0,0,17,OP,2022-07-11,KRDRVOPK2I
KR4201S74502,201S7450,코스피200 C 202207 450.0,-,0,-,-,-,-,81.50,0.01,0,0,53,OP,2022-07-11,KRDRVOPK2I
KR4201S74528,201S7452,코스피200 C 202207 452.5,-,0,-,-,-,-,81.50,0.01,0,0,4,OP,2022-07-11,KRDRVOPK2I
KR4201S74551,201S7455,코스피200 C 202207 455.0,-,0,-,-,-,-,81.50,0.01,0,0,22,OP,2022-07-11,KRDRVOPK2I
KR4201S74577,201S7457,코스피200 C 202207 457.5,-,0,-,-,-,-,81.50,0.01,0,0,6,OP,2022-07-11,KRDRVOPK2I
KR4201S74601,201S7460,코스피200 C 202207 460.0,-,0,-,-,-,-,81.50,0.01,0,0,194,OP,2022-07-11,KRDRVOPK2I
KR4201S74627,201S7462,코스피200 C 202207 462.5,-,0,-,-,-,-,81.50,0.01,0,0,99,OP,2022-07-11,KRDRVOPK2I
KR4201S74650,201S7465,코스피200 C 202207 465.0,-,0,-,-,-,-,81.50,0.01,0,0,43,OP,2022-07-11,KRDRVOPK2I
KR4201S74676,201S7467,코스피200 C 202207 467.5,-,0,-,-,-,-,81.50,0.01,0,0,35,OP,2022-07-11,KRDRVOPK2I
KR4201S74700,201S7470,코스피200 C 202207 470.0,-,0,-,-,-,-,81.50,0.01,0,0,20,OP,2022-07-11,KRDRVOPK2I
KR4201S74726,201S7472,코스피200 C 202207 472.5,-,0,-,-,-,-,81.50,0.01,0,0,17,OP,2022-07-11,KRDRVOPK2I
KR4201S74759,201S7475,코스피200 C 202207 475.0,-,0,-,-,-,-,81.50,0.01,0,0,27,OP,2022-07-11,KRDRVOPK2I
KR4201S74775,201S7477,코스피200 C 202207 477.5,-,0,-,-,-,-,81.50,0.01,0,0,31,OP,2022-07-11,KRDRVOPK2I
KR4201S74809,201S7480,코스피200 C 202207 480.0,-,0,-,-,-,-,81.50,0.01,0,0,34,OP,2022-07-11,KRDRVOPK2I
KR4201S74825,201S7482,코스피200 C 202207 482.5,-,0,-,-,-,-,81.50,0.01,0,0,0,OP,2022-07-11,KRDRVOPK2I
KR4201S74858,201S7485,코스피200 C 202207 485.0,-,0,-,-,-,-,81.50,0.01,0,0,13,OP,2022-07-11,KRDRVOPK2I
KR4201S74874,201S7487,코스피200 C 202207 487.5,-,0,-,-,-,-,81.50,0.01,0,0,14,OP,2022-07-11,KRDRVOPK2I
KR4201S74908,201S7490,코스피200 C 202207 490.0,-,0,-,-,-,-,81.50,0.01,0,0,22,OP,2022-07-11,KRDRVOPK2I
KR4201S74924,201S7492,코스피200 C 202207 492.5,-,0,-,-,-,-,81.50,0.01,0,0,1,OP,2022-07-11,KRDRVOPK2I
KR4201S74957,201S7495,코스피200 C 202207 495.0,-,0,-,-,-,-,81.50,0.01,0,0,35,OP,2022-07-11,KRDRVOPK2I
KR4201S74973,201S7497,코스피200 C 202207 497.5,-,0,-,-,-,-,81.50,0.01,0,0,4,OP,2022-07-11,KRDRVOPK2I
KR4201S75004,201S7500,코스피200 C 202207 500.0,-,0,-,-,-,-,81.50,0.01,0,0,38,OP,2022-07-11,KRDRVOPK2I
KR4201S75020,201S7502,코스피200 C 202207 502.5,-,0,-,-,-,-,81.50,0.01,0,0,14,OP,2022-07-11,KRDRVOPK2I
KR4201S75053,201S7505,코스피200 C 202207 505.0,-,0,-,-,-,-,81.50,0.01,0,0,416,OP,2022-07-11,KRDRVOPK2I
KR4201S75079,201S7507,코스피200 C 202207 507.5,-,0,-,-,-,-,81.50,0.01,0,0,1,OP,2022-07-11,KRDRVOPK2I
KR4201S75103,201S7510,코스피200 C 202207 510.0,-,0,-,-,-,-,81.50,0.01,0,0,31,OP,2022-07-11,KRDRVOPK2I
KR4201S75129,201S7512,코스피200 C 202207 512.5,-,0,-,-,-,-,81.50,0.01,0,0,10,OP,2022-07-11,KRDRVOPK2I
KR4201S75152,201S7515,코스피200 C 202207 515.0,-,0,-,-,-,-,81.50,0.01,0,0,923,OP,2022-07-11,KRDRVOPK2I
KR4201S82224,201S8222,코스피200 C 202208 222.5,86.90,2,-1.50,86.90,86.90,86.90,32.00,86.90,1,"21,725,000",1,OP,2022-07-11,KRDRVOPK2I
KR4201S82257,201S8225,코스피200 C 202208 225.0,-,0,-,-,-,-,31.61,83.65,0,0,4,OP,2022-07-11,KRDRVOPK2I
KR4201S82273,201S8227,코스피200 C 202208 227.5,-,0,-,-,-,-,31.23,81.15,0,0,0,OP,2022-07-11,KRDRVOPK2I
KR4201S82307,201S8230,코스피200 C 202208 230.0,-,0,-,-,-,-,30.85,78.65,0,0,0,OP,2022-07-11,KRDRVOPK2I
KR4201S82323,201S8232,코스피200 C 202208 232.5,-,0,-,-,-,-,30.47,76.15,0,0,0,OP,2022-07-11,KRDRVOPK2I
KR4201S82356,201S8235,코스피200 C 202208 235.0,-,0,-,-,-,-,30.09,73.65,0,0,0,OP,2022-07-11,KRDRVOPK2I
KR4201S82372,201S8237,코스피200 C 202208 237.5,-,0,-,-,-,-,29.71,71.20,0,0,0,OP,2022-07-11,KRDRVOPK2I
KR4201S82406,201S8240,코스피200 C 202208 240.0,-,0,-,-,-,-,29.33,68.70,0,0,0,OP,2022-07-11,KRDRVOPK2I
KR4201S82422,201S8242,코스피200 C 202208 242.5,-,0,-,-,-,-,28.95,66.20,0,0,0,OP,2022-07-11,KRDRVOPK2I
KR4201S82455,201S8245,코스피200 C 202208 245.0,-,0,-,-,-,-,28.57,63.70,0,0,0,OP,2022-07-11,KRDRVOPK2I
KR4201S82471,201S8247,코스피200 C 202208 247.5,-,0,-,-,-,-,28.19,61.20,0,0,0,OP,2022-07-11,KRDRVOPK2I
KR4201S82505,201S8250,코스피200 C 202208 250.0,-,0,-,-,-,-,27.80,58.70,0,0,0,OP,2022-07-11,KRDRVOPK2I
KR4201S82521,201S8252,코스피200 C 202208 252.5,-,0,-,-,-,-,27.42,56.25,0,0,0,OP,2022-07-11,KRDRVOPK2I
KR4201S82554,201S8255,코스피200 C 202208 255.0,-,0,-,-,-,-,27.04,53.75,0,0,4,OP,2022-07-11,KRDRVOPK2I
KR4201S82570,201S8257,코스피200 C 202208 257.5,-,0,-,-,-,-,26.66,51.30,0,0,0,OP,2022-07-11,KRDRVOPK2I
KR4201S82604,201S8260,코스피200 C 202208 260.0,-,0,-,-,-,-,26.28,48.80,0,0,0,OP,2022-07-11,KRDRVOPK2I
KR4201S82620,201S8262,코스피200 C 202208 262.5,-,0,-,-,-,-,25.90,46.35,0,0,0,OP,2022-07-11,KRDRVOPK2I
KR4201S82653,201S8265,코스피200 C 202208 265.0,-,0,-,-,-,-,25.52,43.85,0,0,0,OP,2022-07-11,KRDRVOPK2I
KR4201S82679,201S8267,코스피200 C 202208 267.5,-,0,-,-,-,-,25.14,41.40,0,0,0,OP,2022-07-11,KRDRVOPK2I
KR4201S82703,201S8270,코스피200 C 202208 270.0,-,0,-,-,-,-,24.76,38.95,0,0,3,OP,2022-07-11,KRDRVOPK2I
KR4201S82729,201S8272,코스피200 C 202208 272.5,-,0,-,-,-,-,24.38,36.55,0,0,0,OP,2022-07-11,KRDRVOPK2I
KR4201S82752,201S8275,코스피200 C 202208 275.0,35.20,2,-2.30,36.20,37.70,34.60,24.00,35.20,43,"386,137,500",82,OP,2022-07-11,KRDRVOPK2I
KR4201S82778,201S8277,코스피200 C 202208 277.5,-,0,-,-,-,-,25.00,31.90,0,0,0,OP,2022-07-11,KRDRVOPK2I
KR4201S82802,201S8280,코스피200 C 202208 280.0,29.60,2,-1.95,29.75,29.75,29.55,26.00,29.60,4,"29,612,500",121,OP,2022-07-11,KRDRVOPK2I
KR4201S82828,201S8282,코스피200 C 202208 282.5,-,0,-,-,-,-,25.25,27.45,0,0,0,OP,2022-07-11,KRDRVOPK2I
KR4201S82851,201S8285,코스피200 C 202208 285.0,-,0,-,-,-,-,24.50,25.15,0,0,1,OP,2022-07-11,KRDRVOPK2I
KR4201S82877,201S8287,코스피200 C 202208 287.5,-,0,-,-,-,-,23.75,22.85,0,0,0,OP,2022-07-11,KRDRVOPK2I
KR4201S82901,201S8290,코스피200 C 202208 290.0,21.60,2,-0.55,23.20,23.65,21.60,23.00,21.60,36,"203,137,500",42,OP,2022-07-11,KRDRVOPK2I
KR4201S82927,201S8292,코스피200 C 202208 292.5,-,0,-,-,-,-,22.75,18.60,0,0,1,OP,2022-07-11,KRDRVOPK2I
KR4201S82950,201S8295,코스피200 C 202208 295.0,-,0,-,-,-,-,22.50,16.60,0,0,107,OP,2022-07-11,KRDRVOPK2I
KR4201S82976,201S8297,코스피200 C 202208 297.5,-,0,-,-,-,-,22.25,14.75,0,0,5,OP,2022-07-11,KRDRVOPK2I
KR4201S83008,201S8300,코스피200 C 202208 300.0,13.00,2,-1.70,15.00,15.50,13.00,22.00,13.00,19,"66,275,000",334,OP,2022-07-11,KRDRVOPK2I
KR4201S83024,201S8302,코스피200 C 202208 302.5,11.50,2,-1.60,12.20,12.25,11.40,22.00,11.50,10,"29,737,500",308,OP,2022-07-11,KRDRVOPK2I
KR4201S83057,201S8305,코스피200 C 202208 305.0,10.00,2,-1.90,11.90,11.95,9.92,21.50,10.00,153,"407,697,500",639,OP,2022-07-11,KRDRVOPK2I
KR4201S83073,201S8307,코스피200 C 202208 307.5,8.51,2,-1.44,9.40,10.40,8.03,21.50,8.51,191,"444,302,500","1,061",OP,2022-07-11,KRDRVOPK2I
KR4201S83107,201S8310,코스피200 C 202208 310.0,7.16,2,-1.09,8.25,9.06,7.00,21.30,7.16,"1,248","2,370,115,000","3,476",OP,2022-07-11,KRDRVOPK2I
KR4201S83123,201S8312,코스피200 C 202208 312.5,5.93,2,-0.92,7.27,7.61,5.79,20.80,5.93,312,"524,300,000",713,OP,2022-07-11,KRDRVOPK2I
KR4201S83156,201S8315,코스피200 C 202208 315.0,4.87,2,-0.83,6.20,6.34,4.70,20.50,4.87,672,"908,725,000","6,993",OP,2022-07-11,KRDRVOPK2I
KR4201S83172,201S8317,코스피200 C 202208 317.5,3.88,2,-0.76,4.64,5.19,3.79,20.10,3.88,437,"474,762,500","1,911",OP,2022-07-11,KRDRVOPK2I
KR4201S83206,201S8320,코스피200 C 202208 320.0,3.09,2,-0.68,4.05,4.20,3.00,19.80,3.09,"3,195","2,749,567,500","7,129",OP,2022-07-11,KRDRVOPK2I
KR4201S83222,201S8322,코스피200 C 202208 322.5,2.42,2,-0.56,3.31,3.35,2.35,19.60,2.42,"2,655","1,766,225,000","4,498",OP,2022-07-11,KRDRVOPK2I
KR4201S83255,201S8325,코스피200 C 202208 325.0,1.85,2,-0.49,2.44,2.63,1.81,19.30,1.85,"7,029","3,824,082,500","8,699",OP,2022-07-11,KRDRVOPK2I
KR4201S83271,201S8327,코스피200 C 202208 327.5,1.40,2,-0.43,1.93,2.03,1.38,19.10,1.40,"4,808","1,997,285,000","8,584",OP,2022-07-11,KRDRVOPK2I
KR4201S83305,201S8330,코스피200 C 202208 330.0,1.05,2,-0.32,1.45,1.54,1.04,19.00,1.05,"4,484","1,410,727,500","8,083",OP,2022-07-11,KRDRVOPK2I
KR4201S83321,201S8332,코스피200 C 202208 332.5,0.79,2,-0.24,1.10,1.16,0.78,19.00,0.79,"3,640","855,132,500","3,819",OP,2022-07-11,KRDRVOPK2I
KR4201S83354,201S8335,코스피200 C 202208 335.0,0.59,2,-0.20,0.83,0.88,0.58,18.90,0.59,"4,566","828,957,500","8,843",OP,2022-07-11,KRDRVOPK2I
KR4201S83370,201S8337,코스피200 C 202208 337.5,0.44,2,-0.16,0.63,0.64,0.43,19.10,0.44,"3,810","507,535,000","4,046",OP,2022-07-11,KRDRVOPK2I
KR4201S83404,201S8340,코스피200 C 202208 340.0,0.31,2,-0.12,0.47,0.47,0.31,18.80,0.31,"6,184","595,732,500","6,584",OP,2022-07-11,KRDRVOPK2I
KR4201S83420,201S8342,코스피200 C 202208 342.5,0.25,2,-0.07,0.33,0.35,0.24,19.40,0.25,"2,607","189,002,500","4,405",OP,2022-07-11,KRDRVOPK2I
KR4201S83453,201S8345,코스피200 C 202208 345.0,0.18,2,-0.06,0.24,0.26,0.18,19.30,0.18,"2,470","128,642,500","6,069",OP,2022-07-11,KRDRVOPK2I
KR4201S83479,201S8347,코스피200 C 202208 347.5,0.13,2,-0.05,0.19,0.19,0.13,19.30,0.13,"2,538","99,862,500","3,430",OP,2022-07-11,KRDRVOPK2I
KR4201S83503,201S8350,코스피200 C 202208 350.0,0.10,2,-0.04,0.14,0.14,0.10,19.70,0.10,"1,509","45,870,000","8,879",OP,2022-07-11,KRDRVOPK2I
KR4201S83529,201S8352,코스피200 C 202208 352.5,0.08,2,-0.02,0.10,0.11,0.08,19.90,0.08,"2,142","49,042,500","2,055",OP,2022-07-11,KRDRVOPK2I
KR4201S83552,201S8355,코스피200 C 202208 355.0,0.06,2,-0.02,0.08,0.08,0.06,20.10,0.06,"1,001","16,902,500","2,929",OP,2022-07-11,KRDRVOPK2I
KR4201S83578,201S8357,코스피200 C 202208 357.5,0.05,2,-0.01,0.06,0.06,0.04,20.70,0.05,"1,407","19,805,000","4,333",OP,2022-07-11,KRDRVOPK2I
KR4201S83602,201S8360,코스피200 C 202208 360.0,0.05,3,0.00,0.04,0.06,0.04,21.60,0.05,377,"4,307,500","3,807",OP,2022-07-11,KRDRVOPK2I
KR4201S83628,201S8362,코스피200 C 202208 362.5,0.04,3,0.00,0.04,0.04,0.03,21.70,0.04,"1,214","12,130,000","1,221",OP,2022-07-11,KRDRVOPK2I
KR4201S83651,201S8365,코스피200 C 202208 365.0,0.03,2,-0.01,0.04,0.04,0.03,21.80,0.03,377,"2,852,500","2,144",OP,2022-07-11,KRDRVOPK2I
KR4201S83677,201S8367,코스피200 C 202208 367.5,0.02,2,-0.01,0.03,0.03,0.02,21.60,0.02,161,"807,500","1,233",OP,2022-07-11,KRDRVOPK2I
KR4201S83701,201S8370,코스피200 C 202208 370.0,0.02,3,0.00,0.02,0.02,0.02,22.60,0.02,46,"230,000","3,525",OP,2022-07-11,KRDRVOPK2I
KR4201S83727,201S8372,코스피200 C 202208 372.5,0.02,3,0.00,0.02,0.02,0.02,23.40,0.02,6,"30,000","1,323",OP,2022-07-11,KRDRVOPK2I
KR4201S83750,201S8375,코스피200 C 202208 375.0,0.02,3,0.00,0.02,0.02,0.02,24.10,0.02,1,"5,000",871,OP,2022-07-11,KRDRVOPK2I
KR4201S83776,201S8377,코스피200 C 202208 377.5,0.01,5,-0.01,0.02,0.02,0.01,23.20,0.01,159,"405,000","1,066",OP,2022-07-11,KRDRVOPK2I
KR4201S83800,201S8380,코스피200 C 202208 380.0,0.01,5,-0.01,0.01,0.01,0.01,23.90,0.01,260,"652,500","7,177",OP,2022-07-11,KRDRVOPK2I
KR4201S83826,201S8382,코스피200 C 202208 382.5,0.01,3,0.00,0.01,0.01,0.01,24.20,0.01,44,"110,000","2,360",OP,2022-07-11,KRDRVOPK2I
KR4201S83859,201S8385,코스피200 C 202208 385.0,0.01,3,0.00,0.01,0.01,0.01,24.90,0.01,11,"27,500","2,751",OP,2022-07-11,KRDRVOPK2I
KR4201S83875,201S8387,코스피200 C 202208 387.5,0.01,3,0.00,0.01,0.01,0.01,25.30,0.01,1,"2,500",857,OP,2022-07-11,KRDRVOPK2I
KR4201S83909,201S8390,코스피200 C 202208 390.0,0.01,3,0.00,0.01,0.01,0.01,26.40,0.01,2,"5,000","2,940",OP,2022-07-11,KRDRVOPK2I
KR4201S83925,201S8392,코스피200 C 202208 392.5,-,0,-,-,-,-,27.07,0.01,0,0,"1,387",OP,2022-07-11,KRDRVOPK2I
KR4201S83958,201S8395,코스피200 C 202208 395.0,-,0,-,-,-,-,27.75,0.01,0,0,"1,065",OP,2022-07-11,KRDRVOPK2I
KR4201S83974,201S8397,코스피200 C 202208 397.5,-,0,-,-,-,-,28.42,0.01,0,0,528,OP,2022-07-11,KRDRVOPK2I
KR4201S84006,201S8400,코스피200 C 202208 400.0,-,0,-,-,-,-,29.10,0.01,0,0,979,OP,2022-07-11,KRDRVOPK2I
KR4201S84022,201S8402,코스피200 C 202208 402.5,-,0,-,-,-,-,29.77,0.01,0,0,280,OP,2022-07-11,KRDRVOPK2I
KR4201S84055,201S8405,코스피200 C 202208 405.0,-,0,-,-,-,-,30.45,0.01,0,0,292,OP,2022-07-11,KRDRVOPK2I
KR4201S84071,201S8407,코스피200 C 202208 407.5,-,0,-,-,-,-,31.12,0.01,0,0,119,OP,2022-07-11,KRDRVOPK2I
KR4201S84105,201S8410,코스피200 C 202208 410.0,0.01,3,0.00,0.01,0.01,0.01,31.80,0.01,1,"2,500",224,OP,2022-07-11,KRDRVOPK2I
KR4201S84121,201S8412,코스피200 C 202208 412.5,-,0,-,-,-,-,32.17,0.01,0,0,8,OP,2022-07-11,KRDRVOPK2I
KR4201S84154,201S8415,코스피200 C 202208 415.0,-,0,-,-,-,-,32.55,0.01,0,0,90,OP,2022-07-11,KRDRVOPK2I
KR4201S84170,201S8417,코스피200 C 202208 417.5,-,0,-,-,-,-,32.92,0.01,0,0,183,OP,2022-07-11,KRDRVOPK2I
KR4201S84204,201S8420,코스피200 C 202208 420.0,0.01,3,0.00,0.01,0.01,0.01,33.30,0.01,1,"2,500",69,OP,2022-07-11,KRDRVOPK2I
KR4201S84220,201S8422,코스피200 C 202208 422.5,-,0,-,-,-,-,33.96,0.01,0,0,13,OP,2022-07-11,KRDRVOPK2I
KR4201S84253,201S8425,코스피200 C 202208 425.0,-,0,-,-,-,-,34.63,0.01,0,0,71,OP,2022-07-11,KRDRVOPK2I
KR4201S84279,201S8427,코스피200 C 202208 427.5,-,0,-,-,-,-,35.30,0.01,0,0,13,OP,2022-07-11,KRDRVOPK2I
KR4201S84303,201S8430,코스피200 C 202208 430.0,-,0,-,-,-,-,35.96,0.01,0,0,266,OP,2022-07-11,KRDRVOPK2I
KR4201S84329,201S8432,코스피200 C 202208 432.5,-,0,-,-,-,-,36.63,0.01,0,0,47,OP,2022-07-11,KRDRVOPK2I
KR4201S84352,201S8435,코스피200 C 202208 435.0,-,0,-,-,-,-,37.30,0.01,0,0,43,OP,2022-07-11,KRDRVOPK2I
KR4201S84378,201S8437,코스피200 C 202208 437.5,-,0,-,-,-,-,37.96,0.01,0,0,5,OP,2022-07-11,KRDRVOPK2I
KR4201S84402,201S8440,코스피200 C 202208 440.0,-,0,-,-,-,-,38.63,0.01,0,0,150,OP,2022-07-11,KRDRVOPK2I
KR4201S84428,201S8442,코스피200 C 202208 442.5,0.01,3,0.00,0.01,0.01,0.01,39.30,0.01,1,"2,500",2,OP,2022-07-11,KRDRVOPK2I
KR4201S84451,201S8445,코스피200 C 202208 445.0,-,0,-,-,-,-,39.76,0.01,0,0,42,OP,2022-07-11,KRDRVOPK2I
KR4201S84477,201S8447,코스피200 C 202208 447.5,-,0,-,-,-,-,40.22,0.01,0,0,1,OP,2022-07-11,KRDRVOPK2I
KR4201S84501,201S8450,코스피200 C 202208 450.0,-,0,-,-,-,-,40.68,0.01,0,0,15,OP,2022-07-11,KRDRVOPK2I
KR4201S84527,201S8452,코스피200 C 202208 452.5,-,0,-,-,-,-,41.15,0.01,0,0,3,OP,2022-07-11,KRDRVOPK2I
KR4201S84550,201S8455,코스피200 C 202208 455.0,-,0,-,-,-,-,41.61,0.01,0,0,19,OP,2022-07-11,KRDRVOPK2I
KR4201S84576,201S8457,코스피200 C 202208 457.5,-,0,-,-,-,-,42.07,0.01,0,0,16,OP,2022-07-11,KRDRVOPK2I
KR4201S84600,201S8460,코스피200 C 202208 460.0,-,0,-,-,-,-,42.53,0.01,0,0,5,OP,2022-07-11,KRDRVOPK2I
KR4201S84626,201S8462,코스피200 C 202208 462.5,0.01,3,0.00,0.01,0.01,0.01,43.00,0.01,1,"2,500",40,OP,2022-07-11,KRDRVOPK2I
KR4201S84659,201S8465,코스피200 C 202208 465.0,-,0,-,-,-,-,43.57,0.01,0,0,10,OP,2022-07-11,KRDRVOPK2I
KR4201S84675,201S8467,코스피200 C 202208 467.5,-,0,-,-,-,-,44.14,0.01,0,0,46,OP,2022-07-11,KRDRVOPK2I
KR4201S84709,201S8470,코스피200 C 202208 470.0,-,0,-,-,-,-,44.71,0.01,0,0,10,OP,2022-07-11,KRDRVOPK2I
KR4201S84725,201S8472,코스피200 C 202208 472.5,-,0,-,-,-,-,45.29,0.01,0,0,11,OP,2022-07-11,KRDRVOPK2I
KR4201S84758,201S8475,코스피200 C 202208 475.0,-,0,-,-,-,-,45.86,0.01,0,0,7,OP,2022-07-11,KRDRVOPK2I
KR4201S84774,201S8477,코스피200 C 202208 477.5,-,0,-,-,-,-,46.43,0.01,0,0,2,OP,2022-07-11,KRDRVOPK2I
KR4201S84808,201S8480,코스피200 C 202208 480.0,-,0,-,-,-,-,47.00,0.01,0,0,9,OP,2022-07-11,KRDRVOPK2I
KR4201S84824,201S8482,코스피200 C 202208 482.5,-,0,-,-,-,-,47.58,0.01,0,0,1,OP,2022-07-11,KRDRVOPK2I
KR4201S84857,201S8485,코스피200 C 202208 485.0,-,0,-,-,-,-,48.15,0.01,0,0,340,OP,2022-07-11,KRDRVOPK2I
KR4201S84873,201S8487,코스피200 C 202208 487.5,-,0,-,-,-,-,48.72,0.01,0,0,6,OP,2022-07-11,KRDRVOPK2I
KR4201S84907,201S8490,코스피200 C 202208 490.0,0.01,3,0.00,0.01,0.01,0.01,49.30,0.01,9,"22,500",494,OP,2022-07-11,KRDRVOPK2I
KR4201S92207,201S9220,코스피200 C 202209 220.0,-,0,-,-,-,-,26.00,89.00,0,0,658,OP,2022-07-11,KRDRVOPK2I
KR4201S92223,201S9222,코스피200 C 202209 222.5,-,0,-,-,-,-,26.00,86.50,0,0,0,OP,2022-07-11,KRDRVOPK2I
KR4201S92256,201S9225,코스피200 C 202209 225.0,-,0,-,-,-,-,26.00,84.00,0,0,0,OP,2022-07-11,KRDRVOPK2I
KR4201S92272,201S9227,코스피200 C 202209 227.5,-,0,-,-,-,-,26.00,81.50,0,0,0,OP,2022-07-11,KRDRVOPK2I
KR4201S92306,201S9230,코스피200 C 202209 230.0,-,0,-,-,-,-,26.00,79.05,0,0,0,OP,2022-07-11,KRDRVOPK2I
KR4201S92322,201S9232,코스피200 C 202209 232.5,-,0,-,-,-,-,26.00,76.55,0,0,0,OP,2022-07-11,KRDRVOPK2I
KR4201S92355,201S9235,코스피200 C 202209 235.0,-,0,-,-,-,-,26.00,74.05,0,0,0,OP,2022-07-11,KRDRVOPK2I
KR4201S92371,201S9237,코스피200 C 202209 237.5,-,0,-,-,-,-,26.00,71.60,0,0,0,OP,2022-07-11,KRDRVOPK2I
KR4201S92405,201S9240,코스피200 C 202209 240.0,-,0,-,-,-,-,26.00,69.10,0,0,0,OP,2022-07-11,KRDRVOPK2I
KR4201S92421,201S9242,코스피200 C 202209 242.5,-,0,-,-,-,-,26.00,66.65,0,0,0,OP,2022-07-11,KRDRVOPK2I
KR4201S92454,201S9245,코스피200 C 202209 245.0,-,0,-,-,-,-,26.00,64.20,0,0,0,OP,2022-07-11,KRDRVOPK2I
KR4201S92470,201S9247,코스피200 C 202209 247.5,-,0,-,-,-,-,26.00,61.75,0,0,0,OP,2022-07-11,KRDRVOPK2I
KR4201S92504,201S9250,코스피200 C 202209 250.0,-,0,-,-,-,-,26.00,59.30,0,0,2,OP,2022-07-11,KRDRVOPK2I
KR4201S92520,201S9252,코스피200 C 202209 252.5,-,0,-,-,-,-,26.00,56.85,0,0,0,OP,2022-07-11,KRDRVOPK2I
KR4201S92553,201S9255,코스피200 C 202209 255.0,-,0,-,-,-,-,26.00,54.45,0,0,1,OP,2022-07-11,KRDRVOPK2I
KR4201S92579,201S9257,코스피200 C 202209 257.5,-,0,-,-,-,-,26.00,52.10,0,0,0,OP,2022-07-11,KRDRVOPK2I
KR4201S92603,201S9260,코스피200 C 202209 260.0,-,0,-,-,-,-,26.00,49.70,0,0,0,OP,2022-07-11,KRDRVOPK2I
KR4201S92629,201S9262,코스피200 C 202209 262.5,-,0,-,-,-,-,26.00,47.35,0,0,0,OP,2022-07-11,KRDRVOPK2I
KR4201S92652,201S9265,코스피200 C 202209 265.0,-,0,-,-,-,-,26.00,45.05,0,0,0,OP,2022-07-11,KRDRVOPK2I
KR4201S92678,201S9267,코스피200 C 202209 267.5,-,0,-,-,-,-,26.00,42.75,0,0,0,OP,2022-07-11,KRDRVOPK2I
KR4201S92702,201S9270,코스피200 C 202209 270.0,-,0,-,-,-,-,26.00,40.50,0,0,0,OP,2022-07-11,KRDRVOPK2I
KR4201S92728,201S9272,코스피200 C 202209 272.5,-,0,-,-,-,-,26.00,38.35,0,0,0,OP,2022-07-11,KRDRVOPK2I
KR4201S92751,201S9275,코스피200 C 202209 275.0,36.75,1,0.05,36.70,36.75,36.70,26.00,36.75,2,"18,362,500",2,OP,2022-07-11,KRDRVOPK2I
KR4201S92777,201S9277,코스피200 C 202209 277.5,-,0,-,-,-,-,25.58,33.90,0,0,0,OP,2022-07-11,KRDRVOPK2I
KR4201S92801,201S9280,코스피200 C 202209 280.0,-,0,-,-,-,-,25.16,31.75,0,0,4,OP,2022-07-11,KRDRVOPK2I
KR4201S92827,201S9282,코스피200 C 202209 282.5,-,0,-,-,-,-,24.74,29.60,0,0,0,OP,2022-07-11,KRDRVOPK2I
KR4201S92850,201S9285,코스피200 C 202209 285.0,-,0,-,-,-,-,24.32,27.50,0,0,1,OP,2022-07-11,KRDRVOPK2I
KR4201S92876,201S9287,코스피200 C 202209 287.5,-,0,-,-,-,-,23.90,25.35,0,0,0,OP,2022-07-11,KRDRVOPK2I
KR4201S92900,201S9290,코스피200 C 202209 290.0,-,0,-,-,-,-,23.48,23.40,0,0,2,OP,2022-07-11,KRDRVOPK2I
KR4201S92926,201S9292,코스피200 C 202209 292.5,-,0,-,-,-,-,23.05,21.45,0,0,0,OP,2022-07-11,KRDRVOPK2I
KR4201S92959,201S9295,코스피200 C 202209 295.0,-,0,-,-,-,-,22.64,19.50,0,0,0,OP,2022-07-11,KRDRVOPK2I
KR4201S92975,201S9297,코스피200 C 202209 297.5,-,0,-,-,-,-,22.22,17.65,0,0,0,OP,2022-07-11,KRDRVOPK2I
KR4201S93007,201S9300,코스피200 C 202209 300.0,16.00,2,-0.35,15.75,16.00,15.75,21.80,16.00,2,"7,937,500",107,OP,2022-07-11,KRDRVOPK2I
KR4201S93023,201S9302,코스피200 C 202209 302.5,-,0,-,-,-,-,21.46,14.25,0,0,0,OP,2022-07-11,KRDRVOPK2I
KR4201S93056,201S9305,코스피200 C 202209 305.0,-,0,-,-,-,-,21.13,12.60,0,0,700,OP,2022-07-11,KRDRVOPK2I
KR4201S93072,201S9307,코스피200 C 202209 307.5,11.50,2,-0.35,11.50,11.50,11.50,20.80,11.50,1,"2,875,000",12,OP,2022-07-11,KRDRVOPK2I
KR4201S93106,201S9310,코스피200 C 202209 310.0,9.77,2,-0.83,10.10,10.35,9.77,20.30,9.77,6,"15,027,500","4,436",OP,2022-07-11,KRDRVOPK2I
KR4201S93122,201S9312,코스피200 C 202209 312.5,-,0,-,-,-,-,19.90,8.35,0,0,59,OP,2022-07-11,KRDRVOPK2I
KR4201S93155,201S9315,코스피200 C 202209 315.0,7.28,2,-1.44,8.40,8.40,7.28,19.50,7.28,13,"25,320,000",530,OP,2022-07-11,KRDRVOPK2I
KR4201S93171,201S9317,코스피200 C 202209 317.5,-,0,-,-,-,-,19.40,6.17,0,0,17,OP,2022-07-11,KRDRVOPK2I
KR4201S93205,201S9320,코스피200 C 202209 320.0,5.37,2,-0.87,6.17,6.17,5.28,19.30,5.37,587,"860,467,500","4,919",OP,2022-07-11,KRDRVOPK2I
KR4201S93221,201S9322,코스피200 C 202209 322.5,4.70,2,-0.27,5.30,5.30,4.70,19.10,4.70,3,"3,725,000",144,OP,2022-07-11,KRDRVOPK2I
KR4201S93254,201S9325,코스피200 C 202209 325.0,3.81,2,-0.64,4.36,4.36,3.81,18.80,3.81,20,"20,267,500","3,803",OP,2022-07-11,KRDRVOPK2I
KR4201S93270,201S9327,코스피200 C 202209 327.5,3.12,2,-0.54,3.80,3.80,3.06,18.60,3.12,18,"15,262,500",233,OP,2022-07-11,KRDRVOPK2I
KR4201S93304,201S9330,코스피200 C 202209 330.0,2.55,2,-0.46,2.94,3.30,2.55,18.40,2.55,66,"47,232,500","4,197",OP,2022-07-11,KRDRVOPK2I
KR4201S93320,201S9332,코스피200 C 202209 332.5,2.06,2,-0.49,2.37,2.56,2.06,18.30,2.06,51,"30,632,500",366,OP,2022-07-11,KRDRVOPK2I
KR4201S93353,201S9335,코스피200 C 202209 335.0,1.73,2,-0.44,1.98,2.20,1.70,18.10,1.73,69,"33,780,000","1,306",OP,2022-07-11,KRDRVOPK2I
KR4201S93379,201S9337,코스피200 C 202209 337.5,1.38,2,-0.58,1.56,1.78,1.36,18.20,1.38,36,"14,322,500",566,OP,2022-07-11,KRDRVOPK2I
KR4201S93403,201S9340,코스피200 C 202209 340.0,1.11,2,-0.24,1.42,1.46,1.11,18.20,1.11,100,"33,357,500","4,276",OP,2022-07-11,KRDRVOPK2I
KR4201S93429,201S9342,코스피200 C 202209 342.5,0.88,2,-0.23,1.03,1.16,0.88,18.10,0.88,35,"8,847,500",164,OP,2022-07-11,KRDRVOPK2I
KR4201S93452,201S9345,코스피200 C 202209 345.0,0.71,2,-0.20,0.95,0.95,0.71,18.10,0.71,59,"12,972,500","6,027",OP,2022-07-11,KRDRVOPK2I
KR4201S93478,201S9347,코스피200 C 202209 347.5,0.58,2,-0.14,0.73,0.75,0.58,18.10,0.58,25,"4,147,500",174,OP,2022-07-11,KRDRVOPK2I
KR4201S93502,201S9350,코스피200 C 202209 350.0,0.47,2,-0.12,0.59,0.60,0.46,18.20,0.47,72,"9,332,500","12,653",OP,2022-07-11,KRDRVOPK2I
KR4201S93528,201S9352,코스피200 C 202209 352.5,0.39,2,-0.07,0.47,0.48,0.37,18.40,0.39,92,"10,120,000",218,OP,2022-07-11,KRDRVOPK2I
KR4201S93551,201S9355,코스피200 C 202209 355.0,0.31,2,-0.07,0.37,0.39,0.31,18.60,0.31,24,"2,110,000","2,706",OP,2022-07-11,KRDRVOPK2I
KR4201S93577,201S9357,코스피200 C 202209 357.5,0.27,2,-0.04,0.30,0.31,0.25,18.50,0.27,95,"6,940,000",288,OP,2022-07-11,KRDRVOPK2I
KR4201S93601,201S9360,코스피200 C 202209 360.0,0.20,2,-0.07,0.25,0.26,0.20,18.60,0.20,14,"790,000","10,694",OP,2022-07-11,KRDRVOPK2I
KR4201S93627,201S9362,코스피200 C 202209 362.5,0.18,2,-0.03,0.20,0.21,0.17,19.10,0.18,152,"7,342,500",259,OP,2022-07-11,KRDRVOPK2I
KR4201S93650,201S9365,코스피200 C 202209 365.0,0.15,2,-0.04,0.17,0.17,0.15,19.30,0.15,61,"2,335,000","2,337",OP,2022-07-11,KRDRVOPK2I
KR4201S93676,201S9367,코스피200 C 202209 367.5,0.13,2,-0.02,0.14,0.14,0.13,19.30,0.13,2,"67,500",122,OP,2022-07-11,KRDRVOPK2I
KR4201S93700,201S9370,코스피200 C 202209 370.0,0.11,2,-0.02,0.12,0.13,0.11,19.40,0.11,44,"1,222,500","6,813",OP,2022-07-11,KRDRVOPK2I
KR4201S93726,201S9372,코스피200 C 202209 372.5,0.10,2,-0.01,0.10,0.10,0.10,19.80,0.10,19,"475,000",189,OP,2022-07-11,KRDRVOPK2I
KR4201S93759,201S9375,코스피200 C 202209 375.0,0.08,2,-0.02,0.10,0.10,0.08,19.90,0.08,82,"1,855,000","2,428",OP,2022-07-11,KRDRVOPK2I
KR4201S93775,201S9377,코스피200 C 202209 377.5,0.07,1,0.01,0.08,0.08,0.07,20.30,0.07,65,"1,157,500",121,OP,2022-07-11,KRDRVOPK2I
KR4201S93809,201S9380,코스피200 C 202209 380.0,0.06,2,-0.01,0.06,0.06,0.06,20.50,0.06,9,"135,000","7,615",OP,2022-07-11,KRDRVOPK2I
KR4201S93825,201S9382,코스피200 C 202209 382.5,-,0,-,-,-,-,20.80,0.05,0,0,78,OP,2022-07-11,KRDRVOPK2I
KR4201S93858,201S9385,코스피200 C 202209 385.0,0.05,2,-0.01,0.05,0.05,0.05,21.10,0.05,2,"25,000","5,529",OP,2022-07-11,KRDRVOPK2I
KR4201S93874,201S9387,코스피200 C 202209 387.5,0.05,1,0.02,0.05,0.05,0.05,21.10,0.05,1,"12,500",90,OP,2022-07-11,KRDRVOPK2I
KR4201S93908,201S9390,코스피200 C 202209 390.0,0.04,2,-0.01,0.04,0.04,0.04,21.70,0.04,42,"420,000","5,703",OP,2022-07-11,KRDRVOPK2I
KR4201S93924,201S9392,코스피200 C 202209 392.5,-,0,-,-,-,-,21.20,0.02,0,0,163,OP,2022-07-11,KRDRVOPK2I
KR4201S93957,201S9395,코스피200 C 202209 395.0,0.02,2,-0.01,0.02,0.02,0.02,20.70,0.02,1,"5,000","1,698",OP,2022-07-11,KRDRVOPK2I
KR4201S93973,201S9397,코스피200 C 202209 397.5,0.03,1,0.01,0.03,0.03,0.03,22.70,0.03,4,"30,000",67,OP,2022-07-11,KRDRVOPK2I
KR4201S94005,201S9400,코스피200 C 202209 400.0,0.02,3,0.00,0.02,0.02,0.02,22.20,0.02,1,"5,000","8,535",OP,2022-07-11,KRDRVOPK2I
KR4201S94021,201S9402,코스피200 C 202209 402.5,0.02,3,0.00,0.02,0.02,0.02,22.90,0.02,160,"800,000",187,OP,2022-07-11,KRDRVOPK2I
KR4201S94054,201S9405,코스피200 C 202209 405.0,-,0,-,-,-,-,23.13,0.02,0,0,328,OP,2022-07-11,KRDRVOPK2I
KR4201S94070,201S9407,코스피200 C 202209 407.5,-,0,-,-,-,-,23.36,0.01,0,0,13,OP,2022-07-11,KRDRVOPK2I
KR4201S94104,201S9410,코스피200 C 202209 410.0,0.02,3,0.00,0.02,0.02,0.02,23.60,0.02,1,"5,000","5,038",OP,2022-07-11,KRDRVOPK2I
KR4201S94120,201S9412,코스피200 C 202209 412.5,-,0,-,-,-,-,24.05,0.01,0,0,3,OP,2022-07-11,KRDRVOPK2I
KR4201S94153,201S9415,코스피200 C 202209 415.0,-,0,-,-,-,-,24.50,0.01,0,0,233,OP,2022-07-11,KRDRVOPK2I
KR4201S94179,201S9417,코스피200 C 202209 417.5,-,0,-,-,-,-,24.95,0.01,0,0,4,OP,2022-07-11,KRDRVOPK2I
KR4201S94203,201S9420,코스피200 C 202209 420.0,0.02,3,0.00,0.02,0.02,0.02,25.40,0.02,1,"5,000","6,502",OP,2022-07-11,KRDRVOPK2I
KR4201S94229,201S9422,코스피200 C 202209 422.5,-,0,-,-,-,-,25.70,0.01,0,0,1,OP,2022-07-11,KRDRVOPK2I
KR4201S94252,201S9425,코스피200 C 202209 425.0,-,0,-,-,-,-,26.00,0.01,0,0,117,OP,2022-07-11,KRDRVOPK2I
KR4201S94278,201S9427,코스피200 C 202209 427.5,-,0,-,-,-,-,26.30,0.01,0,0,1,OP,2022-07-11,KRDRVOPK2I
KR4201S94302,201S9430,코스피200 C 202209 430.0,0.01,3,0.00,0.01,0.01,0.01,26.60,0.01,2,"5,000","2,681",OP,2022-07-11,KRDRVOPK2I
KR4201S94328,201S9432,코스피200 C 202209 432.5,-,0,-,-,-,-,26.96,0.01,0,0,32,OP,2022-07-11,KRDRVOPK2I
KR4201S94351,201S9435,코스피200 C 202209 435.0,-,0,-,-,-,-,27.33,0.01,0,0,830,OP,2022-07-11,KRDRVOPK2I
KR4201S94377,201S9437,코스피200 C 202209 437.5,-,0,-,-,-,-,27.69,0.01,0,0,7,OP,2022-07-11,KRDRVOPK2I
KR4201S94401,201S9440,코스피200 C 202209 440.0,-,0,-,-,-,-,28.06,0.01,0,0,732,OP,2022-07-11,KRDRVOPK2I
KR4201S94427,201S9442,코스피200 C 202209 442.5,-,0,-,-,-,-,28.42,0.01,0,0,1,OP,2022-07-11,KRDRVOPK2I
KR4201S94450,201S9445,코스피200 C 202209 445.0,-,0,-,-,-,-,28.79,0.01,0,0,18,OP,2022-07-11,KRDRVOPK2I
KR4201S94476,201S9447,코스피200 C 202209 447.5,-,0,-,-,-,-,29.15,0.01,0,0,1,OP,2022-07-11,KRDRVOPK2I
KR4201S94500,201S9450,코스피200 C 202209 450.0,-,0,-,-,-,-,29.52,0.01,0,0,"2,449",OP,2022-07-11,KRDRVOPK2I
KR4201S94526,201S9452,코스피200 C 202209 452.5,-,0,-,-,-,-,29.88,0.01,0,0,1,OP,2022-07-11,KRDRVOPK2I
KR4201S94559,201S9455,코스피200 C 202209 455.0,-,0,-,-,-,-,30.25,0.01,0,0,65,OP,2022-07-11,KRDRVOPK2I
KR4201S94575,201S9457,코스피200 C 202209 457.5,-,0,-,-,-,-,30.61,0.01,0,0,0,OP,2022-07-11,KRDRVOPK2I
KR4201S94609,201S9460,코스피200 C 202209 460.0,-,0,-,-,-,-,30.98,0.01,0,0,540,OP,2022-07-11,KRDRVOPK2I
KR4201S94625,201S9462,코스피200 C 202209 462.5,-,0,-,-,-,-,31.34,0.01,0,0,1,OP,2022-07-11,KRDRVOPK2I
KR4201S94658,201S9465,코스피200 C 202209 465.0,-,0,-,-,-,-,31.71,0.01,0,0,133,OP,2022-07-11,KRDRVOPK2I
KR4201S94674,201S9467,코스피200 C 202209 467.5,-,0,-,-,-,-,32.07,0.01,0,0,0,OP,2022-07-11,KRDRVOPK2I
KR4201S94708,201S9470,코스피200 C 202209 470.0,-,0,-,-,-,-,32.44,0.01,0,0,"1,646",OP,2022-07-11,KRDRVOPK2I
KR4201S94724,201S9472,코스피200 C 202209 472.5,-,0,-,-,-,-,32.80,0.01,0,0,1,OP,2022-07-11,KRDRVOPK2I
KR4201S94757,201S9475,코스피200 C 202209 475.0,-,0,-,-,-,-,33.17,0.01,0,0,498,OP,2022-07-11,KRDRVOPK2I
KR4201S94773,201S9477,코스피200 C 202209 477.5,-,0,-,-,-,-,33.53,0.01,0,0,1,OP,2022-07-11,KRDRVOPK2I
KR4201S94807,201S9480,코스피200 C 202209 480.0,0.01,3,0.00,0.01,0.01,0.01,33.90,0.01,1,"2,500",55,OP,2022-07-11,KRDRVOPK2I
KR4201S94823,201S9482,코스피200 C 202209 482.5,-,0,-,-,-,-,34.32,0.01,0,0,0,OP,2022-07-11,KRDRVOPK2I
KR4201S94856,201S9485,코스피200 C 202209 485.0,-,0,-,-,-,-,34.75,0.01,0,0,32,OP,2022-07-11,KRDRVOPK2I
KR4201S94872,201S9487,코스피200 C 202209 487.5,-,0,-,-,-,-,35.17,0.01,0,0,0,OP,2022-07-11,KRDRVOPK2I
KR4201S94906,201S9490,코스피200 C 202209 490.0,-,0,-,-,-,-,35.60,0.01,0,0,229,OP,2022-07-11,KRDRVOPK2I
KR4201S94922,201S9492,코스피200 C 202209 492.5,-,0,-,-,-,-,36.02,0.01,0,0,0,OP,2022-07-11,KRDRVOPK2I
KR4201S94955,201S9495,코스피200 C 202209 495.0,-,0,-,-,-,-,36.45,0.01,0,0,64,OP,2022-07-11,KRDRVOPK2I
KR4201S94971,201S9497,코스피200 C 202209 497.5,-,0,-,-,-,-,36.87,0.01,0,0,0,OP,2022-07-11,KRDRVOPK2I
KR4201S95002,201S9500,코스피200 C 202209 500.0,0.01,3,0.00,0.01,0.01,0.01,37.30,0.01,2,"5,000",83,OP,2022-07-11,KRDRVOPK2I
KR4201S95028,201S9502,코스피200 C 202209 502.5,-,0,-,-,-,-,37.50,0.01,0,0,0,OP,2022-07-11,KRDRVOPK2I
KR4201S95051,201S9505,코스피200 C 202209 505.0,-,0,-,-,-,-,37.70,0.01,0,0,98,OP,2022-07-11,KRDRVOPK2I
KR4201S95077,201S9507,코스피200 C 202209 507.5,0.01,3,0.00,0.01,0.01,0.01,37.90,0.01,1,"2,500",1,OP,2022-07-11,KRDRVOPK2I
KR4201S95101,201S9510,코스피200 C 202209 510.0,-,0,-,-,-,-,38.24,0.01,0,0,55,OP,2022-07-11,KRDRVOPK2I
KR4201S95127,201S9512,코스피200 C 202209 512.5,-,0,-,-,-,-,38.58,0.01,0,0,2,OP,2022-07-11,KRDRVOPK2I
KR4201S95150,201S9515,코스피200 C 202209 515.0,-,0,-,-,-,-,38.92,0.01,0,0,107,OP,2022-07-11,KRDRVOPK2I
KR4201S95176,201S9517,코스피200 C 202209 517.5,-,0,-,-,-,-,39.26,0.01,0,0,3,OP,2022-07-11,KRDRVOPK2I
KR4201S95200,201S9520,코스피200 C 202209 520.0,0.01,3,0.00,0.01,0.01,0.01,39.60,0.01,2,"5,000","1,144",OP,2022-07-11,KRDRVOPK2I
KR4201SA1800,201SA180,코스피200 C 202210 180.0,-,0,-,-,-,-,20.00,128.50,0,0,0,OP,2022-07-11,KRDRVOPK2I
KR4201SA1859,201SA185,코스피200 C 202210 185.0,-,0,-,-,-,-,20.00,123.55,0,0,0,OP,2022-07-11,KRDRVOPK2I
KR4201SA1909,201SA190,코스피200 C 202210 190.0,-,0,-,-,-,-,20.00,118.55,0,0,0,OP,2022-07-11,KRDRVOPK2I
KR4201SA1958,201SA195,코스피200 C 202210 195.0,-,0,-,-,-,-,20.00,113.60,0,0,0,OP,2022-07-11,KRDRVOPK2I
KR4201SA2006,201SA200,코스피200 C 202210 200.0,-,0,-,-,-,-,20.00,108.60,0,0,0,OP,2022-07-11,KRDRVOPK2I
KR4201SA2055,201SA205,코스피200 C 202210 205.0,-,0,-,-,-,-,20.00,103.65,0,0,0,OP,2022-07-11,KRDRVOPK2I
KR4201SA2105,201SA210,코스피200 C 202210 210.0,-,0,-,-,-,-,20.00,98.65,0,0,0,OP,2022-07-11,KRDRVOPK2I
KR4201SA2154,201SA215,코스피200 C 202210 215.0,-,0,-,-,-,-,20.00,93.70,0,0,0,OP,2022-07-11,KRDRVOPK2I
KR4201SA2204,201SA220,코스피200 C 202210 220.0,-,0,-,-,-,-,20.00,88.70,0,0,1,OP,2022-07-11,KRDRVOPK2I
KR4201SA2253,201SA225,코스피200 C 202210 225.0,-,0,-,-,-,-,20.00,83.75,0,0,0,OP,2022-07-11,KRDRVOPK2I
KR4201SA2303,201SA230,코스피200 C 202210 230.0,-,0,-,-,-,-,20.00,78.80,0,0,0,OP,2022-07-11,KRDRVOPK2I
KR4201SA2352,201SA235,코스피200 C 202210 235.0,-,0,-,-,-,-,20.00,73.80,0,0,0,OP,2022-07-11,KRDRVOPK2I
KR4201SA2402,201SA240,코스피200 C 202210 240.0,-,0,-,-,-,-,20.00,68.85,0,0,0,OP,2022-07-11,KRDRVOPK2I
KR4201SA2451,201SA245,코스피200 C 202210 245.0,-,0,-,-,-,-,20.00,63.95,0,0,0,OP,2022-07-11,KRDRVOPK2I
KR4201SA2501,201SA250,코스피200 C 202210 250.0,-,0,-,-,-,-,20.00,59.05,0,0,0,OP,2022-07-11,KRDRVOPK2I
KR4201SA2550,201SA255,코스피200 C 202210 255.0,-,0,-,-,-,-,20.00,54.20,0,0,0,OP,2022-07-11,KRDRVOPK2I
KR4201SA2600,201SA260,코스피200 C 202210 260.0,-,0,-,-,-,-,20.00,49.45,0,0,0,OP,2022-07-11,KRDRVOPK2I
KR4201SA2659,201SA265,코스피200 C 202210 265.0,-,0,-,-,-,-,20.00,44.75,0,0,0,OP,2022-07-11,KRDRVOPK2I
KR4201SA2709,201SA270,코스피200 C 202210 270.0,-,0,-,-,-,-,20.00,40.20,0,0,0,OP,2022-07-11,KRDRVOPK2I
KR4201SA2758,201SA275,코스피200 C 202210 275.0,-,0,-,-,-,-,20.00,35.85,0,0,0,OP,2022-07-11,KRDRVOPK2I
KR4201SA2808,201SA280,코스피200 C 202210 280.0,-,0,-,-,-,-,20.00,31.65,0,0,0,OP,2022-07-11,KRDRVOPK2I
KR4201SA2857,201SA285,코스피200 C 202210 285.0,-,0,-,-,-,-,20.00,27.65,0,0,0,OP,2022-07-11,KRDRVOPK2I
KR4201SA2907,201SA290,코스피200 C 202210 290.0,-,0,-,-,-,-,20.00,23.95,0,0,0,OP,2022-07-11,KRDRVOPK2I
KR4201SA2956,201SA295,코스피200 C 202210 295.0,-,0,-,-,-,-,20.00,20.45,0,0,0,OP,2022-07-11,KRDRVOPK2I
KR4201SA3004,201SA300,코스피200 C 202210 300.0,-,0,-,-,-,-,20.00,17.40,0,0,8,OP,2022-07-11,KRDRVOPK2I
KR4201SA3053,201SA305,코스피200 C 202210 305.0,-,0,-,-,-,-,20.00,14.60,0,0,4,OP,2022-07-11,KRDRVOPK2I
KR4201SA3103,201SA310,코스피200 C 202210 310.0,12.85,2,-0.05,13.15,13.15,12.85,20.00,12.85,4,"13,000,000",17,OP,2022-07-11,KRDRVOPK2I
KR4201SA3152,201SA315,코스피200 C 202210 315.0,10.00,2,-1.00,10.00,10.00,10.00,19.30,10.00,1,"2,500,000",208,OP,2022-07-11,KRDRVOPK2I
KR4201SA3202,201SA320,코스피200 C 202210 320.0,8.00,2,-1.18,9.18,9.18,8.00,19.00,8.00,9,"18,695,000",13,OP,2022-07-11,KRDRVOPK2I
KR4201SA3251,201SA325,코스피200 C 202210 325.0,-,0,-,-,-,-,18.55,5.64,0,0,801,OP,2022-07-11,KRDRVOPK2I
KR4201SA3301,201SA330,코스피200 C 202210 330.0,4.58,2,-0.05,4.80,4.80,4.58,18.10,4.58,4,"4,690,000","2,607",OP,2022-07-11,KRDRVOPK2I
KR4201SA3350,201SA335,코스피200 C 202210 335.0,3.15,2,-0.99,3.65,3.65,3.15,17.90,3.15,12,"9,675,000",13,OP,2022-07-11,KRDRVOPK2I
KR4201SA3400,201SA340,코스피200 C 202210 340.0,2.30,2,-0.45,2.25,2.30,2.24,17.60,2.30,4,"2,260,000",273,OP,2022-07-11,KRDRVOPK2I
KR4201SA3459,201SA345,코스피200 C 202210 345.0,1.60,2,-0.27,1.85,1.85,1.55,17.40,1.60,3,"1,250,000",224,OP,2022-07-11,KRDRVOPK2I
KR4201SA3509,201SA350,코스피200 C 202210 350.0,1.09,2,-0.15,1.30,1.30,1.05,17.40,1.09,162,"49,340,000","2,242",OP,2022-07-11,KRDRVOPK2I
KR4201SA3558,201SA355,코스피200 C 202210 355.0,0.72,2,-0.16,0.88,0.92,0.72,17.30,0.72,82,"17,412,500","1,376",OP,2022-07-11,KRDRVOPK2I
KR4201SA3608,201SA360,코스피200 C 202210 360.0,0.52,2,-0.08,0.60,0.60,0.52,17.40,0.52,8,"1,080,000",304,OP,2022-07-11,KRDRVOPK2I
KR4201SA3657,201SA365,코스피200 C 202210 365.0,0.38,2,-0.05,0.43,0.44,0.36,17.80,0.38,62,"5,992,500","1,050",OP,2022-07-11,KRDRVOPK2I
KR4201SA3707,201SA370,코스피200 C 202210 370.0,0.28,2,-0.05,0.28,0.29,0.27,17.90,0.28,20,"1,375,000",988,OP,2022-07-11,KRDRVOPK2I
KR4201SA3756,201SA375,코스피200 C 202210 375.0,0.24,3,0.00,0.24,0.24,0.23,17.70,0.24,11,"652,500",382,OP,2022-07-11,KRDRVOPK2I
KR4201SA3806,201SA380,코스피200 C 202210 380.0,0.15,2,-0.03,0.18,0.19,0.15,18.30,0.15,30,"1,205,000",322,OP,2022-07-11,KRDRVOPK2I
KR4201SA3855,201SA385,코스피200 C 202210 385.0,0.12,3,0.00,0.13,0.13,0.12,18.70,0.12,24,"762,500",381,OP,2022-07-11,KRDRVOPK2I
KR4201SA3905,201SA390,코스피200 C 202210 390.0,-,0,-,-,-,-,19.05,0.08,0,0,343,OP,2022-07-11,KRDRVOPK2I
KR4201SA3954,201SA395,코스피200 C 202210 395.0,0.09,1,0.02,0.09,0.09,0.09,19.40,0.09,2,"45,000",252,OP,2022-07-11,KRDRVOPK2I
KR4201SA4002,201SA400,코스피200 C 202210 400.0,0.07,1,0.01,0.07,0.07,0.07,19.70,0.07,24,"420,000",669,OP,2022-07-11,KRDRVOPK2I
KR4201SA4051,201SA405,코스피200 C 202210 405.0,-,0,-,-,-,-,20.12,0.04,0,0,193,OP,2022-07-11,KRDRVOPK2I
KR4201SA4101,201SA410,코스피200 C 202210 410.0,-,0,-,-,-,-,20.55,0.03,0,0,212,OP,2022-07-11,KRDRVOPK2I
KR4201SA4150,201SA415,코스피200 C 202210 415.0,-,0,-,-,-,-,20.97,0.03,0,0,141,OP,2022-07-11,KRDRVOPK2I
KR4201SA4200,201SA420,코스피200 C 202210 420.0,-,0,-,-,-,-,21.40,0.02,0,0,113,OP,2022-07-11,KRDRVOPK2I
KR4201SA4259,201SA425,코스피200 C 202210 425.0,-,0,-,-,-,-,21.82,0.02,0,0,173,OP,2022-07-11,KRDRVOPK2I
KR4201SA4309,201SA430,코스피200 C 202210 430.0,-,0,-,-,-,-,22.25,0.02,0,0,110,OP,2022-07-11,KRDRVOPK2I
KR4201SA4358,201SA435,코스피200 C 202210 435.0,-,0,-,-,-,-,22.67,0.01,0,0,56,OP,2022-07-11,KRDRVOPK2I
KR4201SA4408,201SA440,코스피200 C 202210 440.0,-,0,-,-,-,-,23.10,0.01,0,0,59,OP,2022-07-11,KRDRVOPK2I
KR4201SA4457,201SA445,코스피200 C 202210 445.0,-,0,-,-,-,-,23.52,0.01,0,0,63,OP,2022-07-11,KRDRVOPK2I
KR4201SA4507,201SA450,코스피200 C 202210 450.0,-,0,-,-,-,-,23.95,0.01,0,0,62,OP,2022-07-11,KRDRVOPK2I
KR4201SA4556,201SA455,코스피200 C 202210 455.0,-,0,-,-,-,-,24.37,0.01,0,0,4,OP,2022-07-11,KRDRVOPK2I
KR4201SA4606,201SA460,코스피200 C 202210 460.0,0.01,3,0.00,0.01,0.01,0.01,24.80,0.01,1,"2,500",473,OP,2022-07-11,KRDRVOPK2I
KR4201SA4655,201SA465,코스피200 C 202210 465.0,-,0,-,-,-,-,25.25,0.01,0,0,20,OP,2022-07-11,KRDRVOPK2I
KR4201SA4705,201SA470,코스피200 C 202210 470.0,0.01,3,0.00,0.01,0.01,0.01,25.70,0.01,1,"2,500",20,OP,2022-07-11,KRDRVOPK2I
KR4201SA4754,201SA475,코스피200 C 202210 475.0,-,0,-,-,-,-,26.30,0.01,0,0,84,OP,2022-07-11,KRDRVOPK2I
KR4201SA4804,201SA480,코스피200 C 202210 480.0,0.01,3,0.00,0.01,0.01,0.01,26.90,0.01,1,"2,500",98,OP,2022-07-11,KRDRVOPK2I
KR4201SB1809,201SB180,코스피200 C 202211 180.0,-,0,-,-,-,-,19.80,128.80,0,0,0,OP,2022-07-11,KRDRVOPK2I
KR4201SB1858,201SB185,코스피200 C 202211 185.0,-,0,-,-,-,-,19.80,123.80,0,0,0,OP,2022-07-11,KRDRVOPK2I
KR4201SB1908,201SB190,코스피200 C 202211 190.0,-,0,-,-,-,-,19.80,118.85,0,0,0,OP,2022-07-11,KRDRVOPK2I
KR4201SB1957,201SB195,코스피200 C 202211 195.0,-,0,-,-,-,-,19.80,113.90,0,0,0,OP,2022-07-11,KRDRVOPK2I
KR4201SB2005,201SB200,코스피200 C 202211 200.0,-,0,-,-,-,-,19.80,108.90,0,0,0,OP,2022-07-11,KRDRVOPK2I
KR4201SB2054,201SB205,코스피200 C 202211 205.0,-,0,-,-,-,-,19.80,103.95,0,0,0,OP,2022-07-11,KRDRVOPK2I
KR4201SB2104,201SB210,코스피200 C 202211 210.0,-,0,-,-,-,-,19.80,99.00,0,0,0,OP,2022-07-11,KRDRVOPK2I
KR4201SB2153,201SB215,코스피200 C 202211 215.0,-,0,-,-,-,-,19.80,94.05,0,0,0,OP,2022-07-11,KRDRVOPK2I
KR4201SB2203,201SB220,코스피200 C 202211 220.0,-,0,-,-,-,-,19.80,89.05,0,0,0,OP,2022-07-11,KRDRVOPK2I
KR4201SB2252,201SB225,코스피200 C 202211 225.0,-,0,-,-,-,-,19.80,84.10,0,0,0,OP,2022-07-11,KRDRVOPK2I
KR4201SB2302,201SB230,코스피200 C 202211 230.0,-,0,-,-,-,-,19.80,79.15,0,0,0,OP,2022-07-11,KRDRVOPK2I
KR4201SB2351,201SB235,코스피200 C 202211 235.0,-,0,-,-,-,-,19.80,74.25,0,0,0,OP,2022-07-11,KRDRVOPK2I
KR4201SB2401,201SB240,코스피200 C 202211 240.0,-,0,-,-,-,-,19.80,69.35,0,0,0,OP,2022-07-11,KRDRVOPK2I
KR4201SB2450,201SB245,코스피200 C 202211 245.0,-,0,-,-,-,-,19.80,64.45,0,0,0,OP,2022-07-11,KRDRVOPK2I
KR4201SB2500,201SB250,코스피200 C 202211 250.0,-,0,-,-,-,-,19.80,59.65,0,0,0,OP,2022-07-11,KRDRVOPK2I
KR4201SB2559,201SB255,코스피200 C 202211 255.0,-,0,-,-,-,-,19.80,54.90,0,0,0,OP,2022-07-11,KRDRVOPK2I
KR4201SB2609,201SB260,코스피200 C 202211 260.0,-,0,-,-,-,-,19.80,50.25,0,0,0,OP,2022-07-11,KRDRVOPK2I
KR4201SB2658,201SB265,코스피200 C 202211 265.0,-,0,-,-,-,-,19.80,45.65,0,0,0,OP,2022-07-11,KRDRVOPK2I
KR4201SB2708,201SB270,코스피200 C 202211 270.0,-,0,-,-,-,-,19.80,41.25,0,0,0,OP,2022-07-11,KRDRVOPK2I
KR4201SB2757,201SB275,코스피200 C 202211 275.0,-,0,-,-,-,-,19.80,37.00,0,0,0,OP,2022-07-11,KRDRVOPK2I
KR4201SB2807,201SB280,코스피200 C 202211 280.0,-,0,-,-,-,-,19.80,33.00,0,0,0,OP,2022-07-11,KRDRVOPK2I
KR4201SB2856,201SB285,코스피200 C 202211 285.0,-,0,-,-,-,-,19.80,29.15,0,0,0,OP,2022-07-11,KRDRVOPK2I
KR4201SB2906,201SB290,코스피200 C 202211 290.0,-,0,-,-,-,-,19.80,25.55,0,0,0,OP,2022-07-11,KRDRVOPK2I
KR4201SB2955,201SB295,코스피200 C 202211 295.0,-,0,-,-,-,-,19.80,22.25,0,0,0,OP,2022-07-11,KRDRVOPK2I
KR4201SB3003,201SB300,코스피200 C 202211 300.0,-,0,-,-,-,-,19.80,19.20,0,0,0,OP,2022-07-11,KRDRVOPK2I
KR4201SB3052,201SB305,코스피200 C 202211 305.0,-,0,-,-,-,-,19.80,16.40,0,0,0,OP,2022-07-11,KRDRVOPK2I
KR4201SB3102,201SB310,코스피200 C 202211 310.0,15.30,1,1.85,15.30,15.30,15.30,19.80,15.30,1,"3,825,000",1,OP,2022-07-11,KRDRVOPK2I
KR4201SB3151,201SB315,코스피200 C 202211 315.0,-,0,-,-,-,-,19.50,11.50,0,0,0,OP,2022-07-11,KRDRVOPK2I
KR4201SB3201,201SB320,코스피200 C 202211 320.0,-,0,-,-,-,-,19.20,9.34,0,0,0,OP,2022-07-11,KRDRVOPK2I
KR4201SB3250,201SB325,코스피200 C 202211 325.0,8.44,1,1.15,8.44,8.44,8.44,18.90,8.44,1,"2,110,000",1,OP,2022-07-11,KRDRVOPK2I
KR4201SB3300,201SB330,코스피200 C 202211 330.0,-,0,-,-,-,-,18.46,5.76,0,0,3,OP,2022-07-11,KRDRVOPK2I
KR4201SB3359,201SB335,코스피200 C 202211 335.0,-,0,-,-,-,-,18.03,4.37,0,0,0,OP,2022-07-11,KRDRVOPK2I
KR4201SB3409,201SB340,코스피200 C 202211 340.0,3.84,2,-0.11,3.84,3.84,3.84,17.60,3.84,1,"960,000",20,OP,2022-07-11,KRDRVOPK2I
KR4201SB3458,201SB345,코스피200 C 202211 345.0,-,0,-,-,-,-,17.55,2.44,0,0,28,OP,2022-07-11,KRDRVOPK2I
KR4201SB3508,201SB350,코스피200 C 202211 350.0,-,0,-,-,-,-,17.50,1.77,0,0,44,OP,2022-07-11,KRDRVOPK2I
KR4201SB3557,201SB355,코스피200 C 202211 355.0,-,0,-,-,-,-,17.45,1.35,0,0,"1,568",OP,2022-07-11,KRDRVOPK2I
KR4201SB3607,201SB360,코스피200 C 202211 360.0,0.97,2,-0.12,1.01,1.01,0.97,17.40,0.97,4,"985,000","1,467",OP,2022-07-11,KRDRVOPK2I
KR4201SB3656,201SB365,코스피200 C 202211 365.0,0.71,2,-0.12,0.74,0.76,0.71,17.30,0.71,3,"552,500",91,OP,2022-07-11,KRDRVOPK2I
KR4201SB3706,201SB370,코스피200 C 202211 370.0,0.53,2,-0.07,0.62,0.62,0.53,17.50,0.53,4,"580,000",118,OP,2022-07-11,KRDRVOPK2I
KR4201SB3755,201SB375,코스피200 C 202211 375.0,0.40,2,-0.04,0.43,0.43,0.40,17.70,0.40,5,"522,500",134,OP,2022-07-11,KRDRVOPK2I
KR4201SB3805,201SB380,코스피200 C 202211 380.0,0.30,2,-0.08,0.38,0.38,0.30,17.60,0.30,3,"250,000",128,OP,2022-07-11,KRDRVOPK2I
KR4201SB3854,201SB385,코스피200 C 202211 385.0,-,0,-,-,-,-,17.91,0.21,0,0,41,OP,2022-07-11,KRDRVOPK2I
KR4201SB3904,201SB390,코스피200 C 202211 390.0,-,0,-,-,-,-,18.23,0.18,0,0,72,OP,2022-07-11,KRDRVOPK2I
KR4201SB3953,201SB395,코스피200 C 202211 395.0,-,0,-,-,-,-,18.55,0.14,0,0,4,OP,2022-07-11,KRDRVOPK2I
KR4201SB4001,201SB400,코스피200 C 202211 400.0,-,0,-,-,-,-,18.86,0.11,0,0,24,OP,2022-07-11,KRDRVOPK2I
KR4201SB4050,201SB405,코스피200 C 202211 405.0,-,0,-,-,-,-,19.18,0.09,0,0,5,OP,2022-07-11,KRDRVOPK2I
KR4201SB4100,201SB410,코스피200 C 202211 410.0,0.10,3,0.00,0.10,0.10,0.10,19.50,0.10,2,"50,000",102,OP,2022-07-11,KRDRVOPK2I
KR4201SB4159,201SB415,코스피200 C 202211 415.0,-,0,-,-,-,-,19.80,0.06,0,0,4,OP,2022-07-11,KRDRVOPK2I
KR4201SB4209,201SB420,코스피200 C 202211 420.0,0.07,2,-0.01,0.07,0.07,0.07,20.10,0.07,1,"17,500",75,OP,2022-07-11,KRDRVOPK2I
KR4201SB4258,201SB425,코스피200 C 202211 425.0,-,0,-,-,-,-,20.70,0.05,0,0,60,OP,2022-07-11,KRDRVOPK2I
KR4201SB4308,201SB430,코스피200 C 202211 430.0,0.05,2,-0.01,0.05,0.05,0.05,21.30,0.05,60,"750,000",47,OP,2022-07-11,KRDRVOPK2I
KR4201SB4357,201SB435,코스피200 C 202211 435.0,-,0,-,-,-,-,21.30,0.03,0,0,3,OP,2022-07-11,KRDRVOPK2I
KR4201SB4407,201SB440,코스피200 C 202211 440.0,-,0,-,-,-,-,21.30,0.03,0,0,58,OP,2022-07-11,KRDRVOPK2I
KR4201SB4456,201SB445,코스피200 C 202211 445.0,-,0,-,-,-,-,21.30,0.02,0,0,0,OP,2022-07-11,KRDRVOPK2I
KR4201SB4506,201SB450,코스피200 C 202211 450.0,-,0,-,-,-,-,21.30,0.01,0,0,2,OP,2022-07-11,KRDRVOPK2I
KR4201SB4555,201SB455,코스피200 C 202211 455.0,-,0,-,-,-,-,21.30,0.01,0,0,0,OP,2022-07-11,KRDRVOPK2I
KR4201SB4605,201SB460,코스피200 C 202211 460.0,-,0,-,-,-,-,21.30,0.01,0,0,5,OP,2022-07-11,KRDRVOPK2I
KR4201SB4654,201SB465,코스피200 C 202211 465.0,-,0,-,-,-,-,21.30,0.01,0,0,7,OP,2022-07-11,KRDRVOPK2I
KR4201SB4704,201SB470,코스피200 C 202211 470.0,-,0,-,-,-,-,21.30,0.01,0,0,46,OP,2022-07-11,KRDRVOPK2I
KR4201SB4753,201SB475,코스피200 C 202211 475.0,-,0,-,-,-,-,21.30,0.01,0,0,6,OP,2022-07-11,KRDRVOPK2I
KR4201SC1402,201SC140,코스피200 C 202212 140.0,168.65,2,-1.95,168.65,168.65,168.65,32.00,168.65,1,"42,162,500",601,OP,2022-07-11,KRDRVOPK2I
KR4201SC1451,201SC145,코스피200 C 202212 145.0,-,0,-,-,-,-,31.63,163.75,0,0,1,OP,2022-07-11,KRDRVOPK2I
KR4201SC1501,201SC150,코스피200 C 202212 150.0,-,0,-,-,-,-,31.27,158.80,0,0,1,OP,2022-07-11,KRDRVOPK2I
KR4201SC1550,201SC155,코스피200 C 202212 155.0,-,0,-,-,-,-,30.91,153.85,0,0,0,OP,2022-07-11,KRDRVOPK2I
KR4201SC1600,201SC160,코스피200 C 202212 160.0,-,0,-,-,-,-,30.55,148.90,0,0,0,OP,2022-07-11,KRDRVOPK2I
KR4201SC1659,201SC165,코스피200 C 202212 165.0,-,0,-,-,-,-,30.19,143.95,0,0,0,OP,2022-07-11,KRDRVOPK2I
KR4201SC1709,201SC170,코스피200 C 202212 170.0,-,0,-,-,-,-,29.83,139.00,0,0,614,OP,2022-07-11,KRDRVOPK2I
KR4201SC1758,201SC175,코스피200 C 202212 175.0,-,0,-,-,-,-,29.47,134.05,0,0,0,OP,2022-07-11,KRDRVOPK2I
KR4201SC1808,201SC180,코스피200 C 202212 180.0,-,0,-,-,-,-,29.11,129.10,0,0,23,OP,2022-07-11,KRDRVOPK2I
KR4201SC1857,201SC185,코스피200 C 202212 185.0,-,0,-,-,-,-,28.75,124.15,0,0,0,OP,2022-07-11,KRDRVOPK2I
KR4201SC1907,201SC190,코스피200 C 202212 190.0,-,0,-,-,-,-,28.39,119.20,0,0,0,OP,2022-07-11,KRDRVOPK2I
KR4201SC1956,201SC195,코스피200 C 202212 195.0,-,0,-,-,-,-,28.03,114.25,0,0,0,OP,2022-07-11,KRDRVOPK2I
KR4201SC2004,201SC200,코스피200 C 202212 200.0,-,0,-,-,-,-,27.67,109.30,0,0,1,OP,2022-07-11,KRDRVOPK2I
KR4201SC2053,201SC205,코스피200 C 202212 205.0,-,0,-,-,-,-,27.31,104.40,0,0,0,OP,2022-07-11,KRDRVOPK2I
KR4201SC2103,201SC210,코스피200 C 202212 210.0,-,0,-,-,-,-,26.95,99.50,0,0,0,OP,2022-07-11,KRDRVOPK2I
KR4201SC2152,201SC215,코스피200 C 202212 215.0,-,0,-,-,-,-,26.59,94.60,0,0,0,OP,2022-07-11,KRDRVOPK2I
KR4201SC2202,201SC220,코스피200 C 202212 220.0,-,0,-,-,-,-,26.23,89.75,0,0,208,OP,2022-07-11,KRDRVOPK2I
KR4201SC2251,201SC225,코스피200 C 202212 225.0,-,0,-,-,-,-,25.87,84.85,0,0,0,OP,2022-07-11,KRDRVOPK2I
KR4201SC2301,201SC230,코스피200 C 202212 230.0,-,0,-,-,-,-,25.51,80.05,0,0,6,OP,2022-07-11,KRDRVOPK2I
KR4201SC2350,201SC235,코스피200 C 202212 235.0,-,0,-,-,-,-,25.15,75.25,0,0,0,OP,2022-07-11,KRDRVOPK2I
KR4201SC2400,201SC240,코스피200 C 202212 240.0,-,0,-,-,-,-,24.78,70.50,0,0,975,OP,2022-07-11,KRDRVOPK2I
KR4201SC2459,201SC245,코스피200 C 202212 245.0,-,0,-,-,-,-,24.42,65.85,0,0,1,OP,2022-07-11,KRDRVOPK2I
KR4201SC2509,201SC250,코스피200 C 202212 250.0,-,0,-,-,-,-,24.06,61.20,0,0,"1,605",OP,2022-07-11,KRDRVOPK2I
KR4201SC2558,201SC255,코스피200 C 202212 255.0,-,0,-,-,-,-,23.70,56.65,0,0,1,OP,2022-07-11,KRDRVOPK2I
KR4201SC2608,201SC260,코스피200 C 202212 260.0,-,0,-,-,-,-,23.34,52.25,0,0,"1,509",OP,2022-07-11,KRDRVOPK2I
KR4201SC2657,201SC265,코스피200 C 202212 265.0,-,0,-,-,-,-,22.98,47.80,0,0,0,OP,2022-07-11,KRDRVOPK2I
KR4201SC2707,201SC270,코스피200 C 202212 270.0,-,0,-,-,-,-,22.62,43.60,0,0,517,OP,2022-07-11,KRDRVOPK2I
KR4201SC2756,201SC275,코스피200 C 202212 275.0,-,0,-,-,-,-,22.26,39.45,0,0,0,OP,2022-07-11,KRDRVOPK2I
KR4201SC2806,201SC280,코스피200 C 202212 280.0,-,0,-,-,-,-,21.90,35.50,0,0,"5,462",OP,2022-07-11,KRDRVOPK2I
KR4201SC2855,201SC285,코스피200 C 202212 285.0,-,0,-,-,-,-,21.54,31.75,0,0,0,OP,2022-07-11,KRDRVOPK2I
KR4201SC2905,201SC290,코스피200 C 202212 290.0,-,0,-,-,-,-,21.18,27.95,0,0,9,OP,2022-07-11,KRDRVOPK2I
KR4201SC2954,201SC295,코스피200 C 202212 295.0,-,0,-,-,-,-,20.82,24.65,0,0,0,OP,2022-07-11,KRDRVOPK2I
KR4201SC3002,201SC300,코스피200 C 202212 300.0,-,0,-,-,-,-,20.46,21.35,0,0,"2,668",OP,2022-07-11,KRDRVOPK2I
KR4201SC3051,201SC305,코스피200 C 202212 305.0,-,0,-,-,-,-,20.10,18.40,0,0,500,OP,2022-07-11,KRDRVOPK2I
KR4201SC3101,201SC310,코스피200 C 202212 310.0,-,0,-,-,-,-,19.74,15.65,0,0,"1,023",OP,2022-07-11,KRDRVOPK2I
KR4201SC3150,201SC315,코스피200 C 202212 315.0,-,0,-,-,-,-,19.38,13.10,0,0,601,OP,2022-07-11,KRDRVOPK2I
KR4201SC3200,201SC320,코스피200 C 202212 320.0,-,0,-,-,-,-,19.02,10.85,0,0,"5,230",OP,2022-07-11,KRDRVOPK2I
KR4201SC3259,201SC325,코스피200 C 202212 325.0,-,0,-,-,-,-,18.66,8.77,0,0,3,OP,2022-07-11,KRDRVOPK2I
KR4201SC3309,201SC330,코스피200 C 202212 330.0,7.94,1,0.16,7.94,7.94,7.94,18.30,7.94,1,"1,985,000",715,OP,2022-07-11,KRDRVOPK2I
KR4201SC3358,201SC335,코스피200 C 202212 335.0,-,0,-,-,-,-,18.06,5.56,0,0,2,OP,2022-07-11,KRDRVOPK2I
KR4201SC3408,201SC340,코스피200 C 202212 340.0,-,0,-,-,-,-,17.83,4.43,0,0,"2,239",OP,2022-07-11,KRDRVOPK2I
KR4201SC3457,201SC345,코스피200 C 202212 345.0,3.40,2,-0.17,4.00,4.00,3.40,17.60,3.40,4,"3,737,500","1,315",OP,2022-07-11,KRDRVOPK2I
KR4201SC3507,201SC350,코스피200 C 202212 350.0,2.75,2,-0.18,3.00,3.00,2.75,17.40,2.75,"1,012","781,085,000","7,977",OP,2022-07-11,KRDRVOPK2I
KR4201SC3556,201SC355,코스피200 C 202212 355.0,1.98,2,-0.36,1.98,1.98,1.98,17.40,1.98,1,"495,000",265,OP,2022-07-11,KRDRVOPK2I
KR4201SC3606,201SC360,코스피200 C 202212 360.0,-,0,-,-,-,-,17.35,1.55,0,0,"10,182",OP,2022-07-11,KRDRVOPK2I
KR4201SC3655,201SC365,코스피200 C 202212 365.0,1.14,2,-0.14,1.19,1.19,1.14,17.30,1.14,2,"582,500","2,128",OP,2022-07-11,KRDRVOPK2I
KR4201SC3705,201SC370,코스피200 C 202212 370.0,0.88,2,-0.09,0.91,0.91,0.87,17.30,0.88,3,"665,000","5,243",OP,2022-07-11,KRDRVOPK2I
KR4201SC3754,201SC375,코스피200 C 202212 375.0,0.67,2,-0.09,0.73,0.73,0.67,17.30,0.67,3,"522,500","1,016",OP,2022-07-11,KRDRVOPK2I
KR4201SC3804,201SC380,코스피200 C 202212 380.0,0.54,2,-0.07,0.61,0.61,0.51,17.70,0.54,19,"2,635,000","5,884",OP,2022-07-11,KRDRVOPK2I
KR4201SC3853,201SC385,코스피200 C 202212 385.0,0.40,2,-0.09,0.42,0.42,0.40,17.60,0.40,9,"940,000","3,100",OP,2022-07-11,KRDRVOPK2I
KR4201SC3903,201SC390,코스피200 C 202212 390.0,0.32,2,-0.08,0.35,0.35,0.32,17.80,0.32,14,"1,195,000","6,779",OP,2022-07-11,KRDRVOPK2I
KR4201SC3952,201SC395,코스피200 C 202212 395.0,0.26,3,0.00,0.26,0.26,0.26,17.60,0.26,8,"520,000",286,OP,2022-07-11,KRDRVOPK2I
KR4201SC4000,201SC400,코스피200 C 202212 400.0,0.24,3,0.00,0.24,0.24,0.24,18.10,0.24,1,"60,000","10,908",OP,2022-07-11,KRDRVOPK2I
KR4201SC4059,201SC405,코스피200 C 202212 405.0,-,0,-,-,-,-,18.45,0.17,0,0,82,OP,2022-07-11,KRDRVOPK2I
KR4201SC4109,201SC410,코스피200 C 202212 410.0,0.14,2,-0.02,0.15,0.15,0.14,18.80,0.14,10,"355,000","7,644",OP,2022-07-11,KRDRVOPK2I
KR4201SC4158,201SC415,코스피200 C 202212 415.0,0.12,2,-0.01,0.12,0.12,0.12,19.20,0.12,9,"270,000",156,OP,2022-07-11,KRDRVOPK2I
KR4201SC4208,201SC420,코스피200 C 202212 420.0,0.12,1,0.01,0.12,0.12,0.12,19.80,0.12,11,"330,000","5,359",OP,2022-07-11,KRDRVOPK2I
KR4201SC4257,201SC425,코스피200 C 202212 425.0,0.10,2,-0.01,0.10,0.10,0.10,20.00,0.10,8,"200,000",598,OP,2022-07-11,KRDRVOPK2I
KR4201SC4307,201SC430,코스피200 C 202212 430.0,-,0,-,-,-,-,20.15,0.08,0,0,"5,692",OP,2022-07-11,KRDRVOPK2I
KR4201SC4356,201SC435,코스피200 C 202212 435.0,0.07,3,0.00,0.07,0.07,0.07,20.30,0.07,1,"17,500","2,869",OP,2022-07-11,KRDRVOPK2I
KR4201SC4406,201SC440,코스피200 C 202212 440.0,-,0,-,-,-,-,20.65,0.05,0,0,"7,296",OP,2022-07-11,KRDRVOPK2I
KR4201SC4455,201SC445,코스피200 C 202212 445.0,-,0,-,-,-,-,21.00,0.05,0,0,42,OP,2022-07-11,KRDRVOPK2I
KR4201SC4505,201SC450,코스피200 C 202212 450.0,-,0,-,-,-,-,21.35,0.04,0,0,"2,400",OP,2022-07-11,KRDRVOPK2I
KR4201SC4554,201SC455,코스피200 C 202212 455.0,0.05,1,0.01,0.05,0.05,0.05,21.70,0.05,1,"12,500",96,OP,2022-07-11,KRDRVOPK2I
KR4201SC4604,201SC460,코스피200 C 202212 460.0,-,0,-,-,-,-,22.03,0.04,0,0,"2,744",OP,2022-07-11,KRDRVOPK2I
KR4201SC4653,201SC465,코스피200 C 202212 465.0,-,0,-,-,-,-,22.36,0.03,0,0,225,OP,2022-07-11,KRDRVOPK2I
KR4201SC4703,201SC470,코스피200 C 202212 470.0,-,0,-,-,-,-,22.70,0.03,0,0,"4,306",OP,2022-07-11,KRDRVOPK2I
KR4201SC4752,201SC475,코스피200 C 202212 475.0,-,0,-,-,-,-,23.03,0.03,0,0,208,OP,2022-07-11,KRDRVOPK2I
KR4201SC4802,201SC480,코스피200 C 202212 480.0,-,0,-,-,-,-,23.36,0.02,0,0,"2,728",OP,2022-07-11,KRDRVOPK2I
KR4201SC4851,201SC485,코스피200 C 202212 485.0,-,0,-,-,-,-,23.70,0.02,0,0,180,OP,2022-07-11,KRDRVOPK2I
KR4201SC4901,201SC490,코스피200 C 202212 490.0,-,0,-,-,-,-,24.03,0.02,0,0,120,OP,2022-07-11,KRDRVOPK2I
KR4201SC4950,201SC495,코스피200 C 202212 495.0,-,0,-,-,-,-,24.36,0.02,0,0,88,OP,2022-07-11,KRDRVOPK2I
KR4201SC5007,201SC500,코스피200 C 202212 500.0,0.02,2,-0.01,0.02,0.02,0.02,24.70,0.02,72,"360,000","4,224",OP,2022-07-11,KRDRVOPK2I
KR4201SC5056,201SC505,코스피200 C 202212 505.0,-,0,-,-,-,-,25.12,0.02,0,0,247,OP,2022-07-11,KRDRVOPK2I
KR4201SC5106,201SC510,코스피200 C 202212 510.0,-,0,-,-,-,-,25.55,0.02,0,0,76,OP,2022-07-11,KRDRVOPK2I
KR4201SC5155,201SC515,코스피200 C 202212 515.0,-,0,-,-,-,-,25.97,0.02,0,0,60,OP,2022-07-11,KRDRVOPK2I
KR4201SC5205,201SC520,코스피200 C 202212 520.0,0.02,3,0.00,0.02,0.02,0.01,26.40,0.02,5,"20,000","1,103",OP,2022-07-11,KRDRVOPK2I
KR4201T31807,201T3180,코스피200 C 202303 180.0,-,0,-,-,-,-,17.80,125.20,0,0,0,OP,2022-07-11,KRDRVOPK2I
KR4201T31856,201T3185,코스피200 C 202303 185.0,-,0,-,-,-,-,17.80,120.25,0,0,0,OP,2022-07-11,KRDRVOPK2I
KR4201T31906,201T3190,코스피200 C 202303 190.0,-,0,-,-,-,-,17.80,115.30,0,0,0,OP,2022-07-11,KRDRVOPK2I
KR4201T31955,201T3195,코스피200 C 202303 195.0,-,0,-,-,-,-,17.80,110.40,0,0,0,OP,2022-07-11,KRDRVOPK2I
KR4201T32003,201T3200,코스피200 C 202303 200.0,-,0,-,-,-,-,17.80,105.45,0,0,0,OP,2022-07-11,KRDRVOPK2I
KR4201T32052,201T3205,코스피200 C 202303 205.0,-,0,-,-,-,-,17.80,100.55,0,0,0,OP,2022-07-11,KRDRVOPK2I
KR4201T32102,201T3210,코스피200 C 202303 210.0,-,0,-,-,-,-,17.80,95.65,0,0,0,OP,2022-07-11,KRDRVOPK2I
KR4201T32151,201T3215,코스피200 C 202303 215.0,-,0,-,-,-,-,17.80,90.75,0,0,0,OP,2022-07-11,KRDRVOPK2I
KR4201T32201,201T3220,코스피200 C 202303 220.0,-,0,-,-,-,-,17.80,85.85,0,0,0,OP,2022-07-11,KRDRVOPK2I
KR4201T32250,201T3225,코스피200 C 202303 225.0,-,0,-,-,-,-,17.80,81.00,0,0,0,OP,2022-07-11,KRDRVOPK2I
KR4201T32300,201T3230,코스피200 C 202303 230.0,-,0,-,-,-,-,17.80,76.15,0,0,0,OP,2022-07-11,KRDRVOPK2I
KR4201T32359,201T3235,코스피200 C 202303 235.0,-,0,-,-,-,-,17.80,71.40,0,0,0,OP,2022-07-11,KRDRVOPK2I
KR4201T32409,201T3240,코스피200 C 202303 240.0,-,0,-,-,-,-,17.80,66.70,0,0,0,OP,2022-07-11,KRDRVOPK2I
KR4201T32458,201T3245,코스피200 C 202303 245.0,-,0,-,-,-,-,17.80,62.05,0,0,0,OP,2022-07-11,KRDRVOPK2I
KR4201T32508,201T3250,코스피200 C 202303 250.0,-,0,-,-,-,-,17.80,57.50,0,0,0,OP,2022-07-11,KRDRVOPK2I
KR4201T32557,201T3255,코스피200 C 202303 255.0,-,0,-,-,-,-,17.80,53.10,0,0,0,OP,2022-07-11,KRDRVOPK2I
KR4201T32607,201T3260,코스피200 C 202303 260.0,-,0,-,-,-,-,17.80,48.75,0,0,0,OP,2022-07-11,KRDRVOPK2I
KR4201T32656,201T3265,코스피200 C 202303 265.0,-,0,-,-,-,-,17.80,44.65,0,0,0,OP,2022-07-11,KRDRVOPK2I
KR4201T32706,201T3270,코스피200 C 202303 270.0,-,0,-,-,-,-,17.80,40.65,0,0,0,OP,2022-07-11,KRDRVOPK2I
KR4201T32755,201T3275,코스피200 C 202303 275.0,-,0,-,-,-,-,17.80,36.80,0,0,0,OP,2022-07-11,KRDRVOPK2I
KR4201T32805,201T3280,코스피200 C 202303 280.0,-,0,-,-,-,-,17.80,33.25,0,0,0,OP,2022-07-11,KRDRVOPK2I
KR4201T32854,201T3285,코스피200 C 202303 285.0,-,0,-,-,-,-,17.80,29.75,0,0,0,OP,2022-07-11,KRDRVOPK2I
KR4201T32904,201T3290,코스피200 C 202303 290.0,-,0,-,-,-,-,17.80,26.65,0,0,0,OP,2022-07-11,KRDRVOPK2I
KR4201T32953,201T3295,코스피200 C 202303 295.0,-,0,-,-,-,-,17.80,23.60,0,0,0,OP,2022-07-11,KRDRVOPK2I
KR4201T33001,201T3300,코스피200 C 202303 300.0,-,0,-,-,-,-,17.80,20.90,0,0,500,OP,2022-07-11,KRDRVOPK2I
KR4201T33050,201T3305,코스피200 C 202303 305.0,-,0,-,-,-,-,17.80,18.40,0,0,0,OP,2022-07-11,KRDRVOPK2I
KR4201T33100,201T3310,코스피200 C 202303 310.0,-,0,-,-,-,-,17.80,16.00,0,0,2,OP,2022-07-11,KRDRVOPK2I
KR4201T33159,201T3315,코스피200 C 202303 315.0,-,0,-,-,-,-,17.80,14.05,0,0,0,OP,2022-07-11,KRDRVOPK2I
KR4201T33209,201T3320,코스피200 C 202303 320.0,-,0,-,-,-,-,17.80,12.10,0,0,"2,502",OP,2022-07-11,KRDRVOPK2I
KR4201T33258,201T3325,코스피200 C 202303 325.0,-,0,-,-,-,-,17.80,10.45,0,0,301,OP,2022-07-11,KRDRVOPK2I
KR4201T33308,201T3330,코스피200 C 202303 330.0,-,0,-,-,-,-,17.80,9.01,0,0,31,OP,2022-07-11,KRDRVOPK2I
KR4201T33357,201T3335,코스피200 C 202303 335.0,-,0,-,-,-,-,17.80,7.57,0,0,2,OP,2022-07-11,KRDRVOPK2I
KR4201T33407,201T3340,코스피200 C 202303 340.0,-,0,-,-,-,-,17.80,6.51,0,0,2,OP,2022-07-11,KRDRVOPK2I
KR4201T33456,201T3345,코스피200 C 202303 345.0,-,0,-,-,-,-,17.80,5.52,0,0,57,OP,2022-07-11,KRDRVOPK2I
KR4201T33506,201T3350,코스피200 C 202303 350.0,4.55,1,0.10,4.55,4.65,4.55,17.80,4.55,4,"4,600,000",998,OP,2022-07-11,KRDRVOPK2I
KR4201T33555,201T3355,코스피200 C 202303 355.0,-,0,-,-,-,-,17.80,3.88,0,0,402,OP,2022-07-11,KRDRVOPK2I
KR4201T33605,201T3360,코스피200 C 202303 360.0,-,0,-,-,-,-,17.80,3.24,0,0,"1,405",OP,2022-07-11,KRDRVOPK2I
KR4201T33654,201T3365,코스피200 C 202303 365.0,-,0,-,-,-,-,17.80,2.61,0,0,1,OP,2022-07-11,KRDRVOPK2I
KR4201T33704,201T3370,코스피200 C 202303 370.0,-,0,-,-,-,-,17.80,2.22,0,0,"2,015",OP,2022-07-11,KRDRVOPK2I
KR4201T33753,201T3375,코스피200 C 202303 375.0,-,0,-,-,-,-,17.80,1.83,0,0,"1,250",OP,2022-07-11,KRDRVOPK2I
KR4201T33803,201T3380,코스피200 C 202303 380.0,-,0,-,-,-,-,17.80,1.44,0,0,210,OP,2022-07-11,KRDRVOPK2I
KR4201T33852,201T3385,코스피200 C 202303 385.0,-,0,-,-,-,-,17.80,1.22,0,0,"1,007",OP,2022-07-11,KRDRVOPK2I
KR4201T33902,201T3390,코스피200 C 202303 390.0,-,0,-,-,-,-,17.80,0.99,0,0,633,OP,2022-07-11,KRDRVOPK2I
KR4201T33951,201T3395,코스피200 C 202303 395.0,-,0,-,-,-,-,17.80,0.77,0,0,13,OP,2022-07-11,KRDRVOPK2I
KR4201T34009,201T3400,코스피200 C 202303 400.0,-,0,-,-,-,-,17.80,0.64,0,0,554,OP,2022-07-11,KRDRVOPK2I
KR4201T34058,201T3405,코스피200 C 202303 405.0,-,0,-,-,-,-,17.80,0.52,0,0,14,OP,2022-07-11,KRDRVOPK2I
KR4201T34108,201T3410,코스피200 C 202303 410.0,-,0,-,-,-,-,17.80,0.41,0,0,61,OP,2022-07-11,KRDRVOPK2I
KR4201T34157,201T3415,코스피200 C 202303 415.0,-,0,-,-,-,-,17.80,0.32,0,0,4,OP,2022-07-11,KRDRVOPK2I
KR4201T34207,201T3420,코스피200 C 202303 420.0,-,0,-,-,-,-,17.80,0.26,0,0,"1,171",OP,2022-07-11,KRDRVOPK2I
KR4201T34256,201T3425,코스피200 C 202303 425.0,-,0,-,-,-,-,17.80,0.21,0,0,1,OP,2022-07-11,KRDRVOPK2I
KR4201T34306,201T3430,코스피200 C 202303 430.0,-,0,-,-,-,-,17.80,0.15,0,0,12,OP,2022-07-11,KRDRVOPK2I
KR4201T34355,201T3435,코스피200 C 202303 435.0,-,0,-,-,-,-,17.80,0.13,0,0,0,OP,2022-07-11,KRDRVOPK2I
KR4201T34405,201T3440,코스피200 C 202303 440.0,-,0,-,-,-,-,17.80,0.10,0,0,38,OP,2022-07-11,KRDRVOPK2I
KR4201T34454,201T3445,코스피200 C 202303 445.0,-,0,-,-,-,-,17.80,0.08,0,0,0,OP,2022-07-11,KRDRVOPK2I
KR4201T34504,201T3450,코스피200 C 202303 450.0,-,0,-,-,-,-,17.80,0.06,0,0,597,OP,2022-07-11,KRDRVOPK2I
KR4201T34553,201T3455,코스피200 C 202303 455.0,-,0,-,-,-,-,17.80,0.05,0,0,59,OP,2022-07-11,KRDRVOPK2I
KR4201T34603,201T3460,코스피200 C 202303 460.0,-,0,-,-,-,-,17.80,0.04,0,0,37,OP,2022-07-11,KRDRVOPK2I
KR4201T34652,201T3465,코스피200 C 202303 465.0,-,0,-,-,-,-,17.80,0.03,0,0,17,OP,2022-07-11,KRDRVOPK2I
KR4201T34702,201T3470,코스피200 C 202303 470.0,-,0,-,-,-,-,17.80,0.02,0,0,5,OP,2022-07-11,KRDRVOPK2I
KR4201T34751,201T3475,코스피200 C 202303 475.0,-,0,-,-,-,-,17.80,0.02,0,0,1,OP,2022-07-11,KRDRVOPK2I
KR4201T34801,201T3480,코스피200 C 202303 480.0,-,0,-,-,-,-,17.80,0.01,0,0,15,OP,2022-07-11,KRDRVOPK2I
KR4201T34850,201T3485,코스피200 C 202303 485.0,-,0,-,-,-,-,17.80,0.01,0,0,207,OP,2022-07-11,KRDRVOPK2I
KR4201T61804,201T6180,코스피200 C 202306 180.0,128.00,1,0.85,128.10,128.10,128.00,36.00,128.00,2,"64,025,000",2,OP,2022-07-11,KRDRVOPK2I
KR4201T61853,201T6185,코스피200 C 202306 185.0,-,0,-,-,-,-,35.66,122.75,0,0,3,OP,2022-07-11,KRDRVOPK2I
KR4201T61903,201T6190,코스피200 C 202306 190.0,-,0,-,-,-,-,35.32,118.20,0,0,0,OP,2022-07-11,KRDRVOPK2I
KR4201T61952,201T6195,코스피200 C 202306 195.0,-,0,-,-,-,-,34.99,113.65,0,0,0,OP,2022-07-11,KRDRVOPK2I
KR4201T62000,201T6200,코스피200 C 202306 200.0,-,0,-,-,-,-,34.65,109.25,0,0,0,OP,2022-07-11,KRDRVOPK2I
KR4201T62059,201T6205,코스피200 C 202306 205.0,-,0,-,-,-,-,34.32,104.90,0,0,0,OP,2022-07-11,KRDRVOPK2I
KR4201T62109,201T6210,코스피200 C 202306 210.0,-,0,-,-,-,-,33.98,100.60,0,0,0,OP,2022-07-11,KRDRVOPK2I
KR4201T62158,201T6215,코스피200 C 202306 215.0,-,0,-,-,-,-,33.65,96.25,0,0,0,OP,2022-07-11,KRDRVOPK2I
KR4201T62208,201T6220,코스피200 C 202306 220.0,-,0,-,-,-,-,33.31,91.95,0,0,0,OP,2022-07-11,KRDRVOPK2I
KR4201T62257,201T6225,코스피200 C 202306 225.0,-,0,-,-,-,-,32.98,87.95,0,0,0,OP,2022-07-11,KRDRVOPK2I
KR4201T62307,201T6230,코스피200 C 202306 230.0,-,0,-,-,-,-,32.64,83.90,0,0,0,OP,2022-07-11,KRDRVOPK2I
KR4201T62356,201T6235,코스피200 C 202306 235.0,-,0,-,-,-,-,32.31,79.85,0,0,0,OP,2022-07-11,KRDRVOPK2I
KR4201T62406,201T6240,코스피200 C 202306 240.0,-,0,-,-,-,-,31.97,75.85,0,0,0,OP,2022-07-11,KRDRVOPK2I
KR4201T62455,201T6245,코스피200 C 202306 245.0,-,0,-,-,-,-,31.64,71.95,0,0,0,OP,2022-07-11,KRDRVOPK2I
KR4201T62505,201T6250,코스피200 C 202306 250.0,-,0,-,-,-,-,31.30,68.30,0,0,0,OP,2022-07-11,KRDRVOPK2I
KR4201T62554,201T6255,코스피200 C 202306 255.0,-,0,-,-,-,-,30.97,64.65,0,0,0,OP,2022-07-11,KRDRVOPK2I
KR4201T62604,201T6260,코스피200 C 202306 260.0,-,0,-,-,-,-,30.63,61.00,0,0,0,OP,2022-07-11,KRDRVOPK2I
KR4201T62653,201T6265,코스피200 C 202306 265.0,-,0,-,-,-,-,30.30,57.30,0,0,0,OP,2022-07-11,KRDRVOPK2I
KR4201T62703,201T6270,코스피200 C 202306 270.0,-,0,-,-,-,-,29.96,53.95,0,0,0,OP,2022-07-11,KRDRVOPK2I
KR4201T62752,201T6275,코스피200 C 202306 275.0,-,0,-,-,-,-,29.63,50.75,0,0,0,OP,2022-07-11,KRDRVOPK2I
KR4201T62802,201T6280,코스피200 C 202306 280.0,-,0,-,-,-,-,29.29,47.55,0,0,0,OP,2022-07-11,KRDRVOPK2I
KR4201T62851,201T6285,코스피200 C 202306 285.0,-,0,-,-,-,-,28.96,44.35,0,0,0,OP,2022-07-11,KRDRVOPK2I
KR4201T62901,201T6290,코스피200 C 202306 290.0,-,0,-,-,-,-,28.62,41.10,0,0,0,OP,2022-07-11,KRDRVOPK2I
KR4201T62950,201T6295,코스피200 C 202306 295.0,-,0,-,-,-,-,28.29,38.35,0,0,0,OP,2022-07-11,KRDRVOPK2I
KR4201T63008,201T6300,코스피200 C 202306 300.0,-,0,-,-,-,-,27.95,35.65,0,0,0,OP,2022-07-11,KRDRVOPK2I
KR4201T63057,201T6305,코스피200 C 202306 305.0,-,0,-,-,-,-,27.62,32.95,0,0,0,OP,2022-07-11,KRDRVOPK2I
KR4201T63107,201T6310,코스피200 C 202306 310.0,-,0,-,-,-,-,27.28,30.25,0,0,537,OP,2022-07-11,KRDRVOPK2I
KR4201T63156,201T6315,코스피200 C 202306 315.0,-,0,-,-,-,-,26.94,27.70,0,0,0,OP,2022-07-11,KRDRVOPK2I
KR4201T63206,201T6320,코스피200 C 202306 320.0,-,0,-,-,-,-,26.61,25.50,0,0,804,OP,2022-07-11,KRDRVOPK2I
KR4201T63255,201T6325,코스피200 C 202306 325.0,-,0,-,-,-,-,26.27,23.30,0,0,"1,200",OP,2022-07-11,KRDRVOPK2I
KR4201T63305,201T6330,코스피200 C 202306 330.0,-,0,-,-,-,-,25.94,21.10,0,0,"1,800",OP,2022-07-11,KRDRVOPK2I
KR4201T63354,201T6335,코스피200 C 202306 335.0,-,0,-,-,-,-,25.60,18.90,0,0,0,OP,2022-07-11,KRDRVOPK2I
KR4201T63404,201T6340,코스피200 C 202306 340.0,-,0,-,-,-,-,25.27,17.20,0,0,"1,202",OP,2022-07-11,KRDRVOPK2I
KR4201T63453,201T6345,코스피200 C 202306 345.0,-,0,-,-,-,-,24.93,15.55,0,0,800,OP,2022-07-11,KRDRVOPK2I
KR4201T63503,201T6350,코스피200 C 202306 350.0,-,0,-,-,-,-,24.60,13.85,0,0,"3,533",OP,2022-07-11,KRDRVOPK2I
KR4201T63552,201T6355,코스피200 C 202306 355.0,-,0,-,-,-,-,24.26,12.15,0,0,3,OP,2022-07-11,KRDRVOPK2I
KR4201T63602,201T6360,코스피200 C 202306 360.0,-,0,-,-,-,-,23.93,10.80,0,0,"3,003",OP,2022-07-11,KRDRVOPK2I
KR4201T63651,201T6365,코스피200 C 202306 365.0,-,0,-,-,-,-,23.59,9.58,0,0,0,OP,2022-07-11,KRDRVOPK2I
KR4201T63701,201T6370,코스피200 C 202306 370.0,-,0,-,-,-,-,23.26,8.35,0,0,"1,613",OP,2022-07-11,KRDRVOPK2I
KR4201T63750,201T6375,코스피200 C 202306 375.0,-,0,-,-,-,-,22.92,7.11,0,0,13,OP,2022-07-11,KRDRVOPK2I
KR4201T63800,201T6380,코스피200 C 202306 380.0,-,0,-,-,-,-,22.59,6.22,0,0,"2,378",OP,2022-07-11,KRDRVOPK2I
KR4201T63859,201T6385,코스피200 C 202306 385.0,-,0,-,-,-,-,22.25,5.37,0,0,30,OP,2022-07-11,KRDRVOPK2I
KR4201T63909,201T6390,코스피200 C 202306 390.0,-,0,-,-,-,-,21.92,4.53,0,0,"4,843",OP,2022-07-11,KRDRVOPK2I
KR4201T63958,201T6395,코스피200 C 202306 395.0,-,0,-,-,-,-,21.58,3.74,0,0,48,OP,2022-07-11,KRDRVOPK2I
KR4201T64006,201T6400,코스피200 C 202306 400.0,-,0,-,-,-,-,21.25,3.20,0,0,"1,712",OP,2022-07-11,KRDRVOPK2I
KR4201T64055,201T6405,코스피200 C 202306 405.0,-,0,-,-,-,-,20.91,2.65,0,0,2,OP,2022-07-11,KRDRVOPK2I
KR4201T64105,201T6410,코스피200 C 202306 410.0,-,0,-,-,-,-,20.58,2.10,0,0,824,OP,2022-07-11,KRDRVOPK2I
KR4201T64154,201T6415,코스피200 C 202306 415.0,-,0,-,-,-,-,20.24,1.74,0,0,0,OP,2022-07-11,KRDRVOPK2I
KR4201T64204,201T6420,코스피200 C 202306 420.0,-,0,-,-,-,-,19.91,1.41,0,0,"3,709",OP,2022-07-11,KRDRVOPK2I
KR4201T64253,201T6425,코스피200 C 202306 425.0,-,0,-,-,-,-,19.57,1.07,0,0,1,OP,2022-07-11,KRDRVOPK2I
KR4201T64303,201T6430,코스피200 C 202306 430.0,-,0,-,-,-,-,19.24,0.85,0,0,"4,007",OP,2022-07-11,KRDRVOPK2I
KR4201T64352,201T6435,코스피200 C 202306 435.0,-,0,-,-,-,-,18.90,0.66,0,0,0,OP,2022-07-11,KRDRVOPK2I
KR4201T64402,201T6440,코스피200 C 202306 440.0,-,0,-,-,-,-,18.57,0.48,0,0,119,OP,2022-07-11,KRDRVOPK2I
KR4201T64451,201T6445,코스피200 C 202306 445.0,-,0,-,-,-,-,18.23,0.36,0,0,0,OP,2022-07-11,KRDRVOPK2I
KR4201T64501,201T6450,코스피200 C 202306 450.0,0.33,2,-0.14,0.33,0.33,0.33,17.90,0.33,1,"82,500",985,OP,2022-07-11,KRDRVOPK2I
KR4201T64550,201T6455,코스피200 C 202306 455.0,-,0,-,-,-,-,17.90,0.21,0,0,0,OP,2022-07-11,KRDRVOPK2I
KR4201T64600,201T6460,코스피200 C 202306 460.0,-,0,-,-,-,-,17.90,0.18,0,0,783,OP,2022-07-11,KRDRVOPK2I
KR4201T64659,201T6465,코스피200 C 202306 465.0,-,0,-,-,-,-,17.90,0.15,0,0,0,OP,2022-07-11,KRDRVOPK2I
KR4201T64709,201T6470,코스피200 C 202306 470.0,-,0,-,-,-,-,17.90,0.13,0,0,"1,574",OP,2022-07-11,KRDRVOPK2I
KR4201T64758,201T6475,코스피200 C 202306 475.0,-,0,-,-,-,-,17.90,0.10,0,0,0,OP,2022-07-11,KRDRVOPK2I
KR4201T64808,201T6480,코스피200 C 202306 480.0,-,0,-,-,-,-,17.90,0.08,0,0,0,OP,2022-07-11,KRDRVOPK2I
KR4201T64857,201T6485,코스피200 C 202306 485.0,-,0,-,-,-,-,17.90,0.07,0,0,0,OP,2022-07-11,KRDRVOPK2I
KR4201T64907,201T6490,코스피200 C 202306 490.0,-,0,-,-,-,-,17.90,0.06,0,0,8,OP,2022-07-11,KRDRVOPK2I
KR4201T64956,201T6495,코스피200 C 202306 495.0,-,0,-,-,-,-,17.90,0.05,0,0,0,OP,2022-07-11,KRDRVOPK2I
KR4201T65003,201T6500,코스피200 C 202306 500.0,-,0,-,-,-,-,17.90,0.04,0,0,40,OP,2022-07-11,KRDRVOPK2I
KR4201T65052,201T6505,코스피200 C 202306 505.0,-,0,-,-,-,-,17.90,0.03,0,0,0,OP,2022-07-11,KRDRVOPK2I
KR4201T65102,201T6510,코스피200 C 202306 510.0,-,0,-,-,-,-,17.90,0.02,0,0,15,OP,2022-07-11,KRDRVOPK2I
KR4201T65151,201T6515,코스피200 C 202306 515.0,-,0,-,-,-,-,17.90,0.02,0,0,0,OP,2022-07-11,KRDRVOPK2I
KR4201T65201,201T6520,코스피200 C 202306 520.0,-,0,-,-,-,-,17.90,0.02,0,0,293,OP,2022-07-11,KRDRVOPK2I
KR4201TC1807,201TC180,코스피200 C 202312 180.0,-,0,-,-,-,-,18.60,125.60,0,0,0,OP,2022-07-11,KRDRVOPK2I
KR4201TC1906,201TC190,코스피200 C 202312 190.0,-,0,-,-,-,-,18.60,116.05,0,0,0,OP,2022-07-11,KRDRVOPK2I
KR4201TC2003,201TC200,코스피200 C 202312 200.0,-,0,-,-,-,-,18.60,106.55,0,0,0,OP,2022-07-11,KRDRVOPK2I
KR4201TC2102,201TC210,코스피200 C 202312 210.0,-,0,-,-,-,-,18.60,97.25,0,0,0,OP,2022-07-11,KRDRVOPK2I
KR4201TC2201,201TC220,코스피200 C 202312 220.0,-,0,-,-,-,-,18.60,88.20,0,0,0,OP,2022-07-11,KRDRVOPK2I
KR4201TC2300,201TC230,코스피200 C 202312 230.0,-,0,-,-,-,-,18.60,79.40,0,0,1,OP,2022-07-11,KRDRVOPK2I
KR4201TC2409,201TC240,코스피200 C 202312 240.0,-,0,-,-,-,-,18.60,70.85,0,0,0,OP,2022-07-11,KRDRVOPK2I
KR4201TC2508,201TC250,코스피200 C 202312 250.0,-,0,-,-,-,-,18.60,63.00,0,0,627,OP,2022-07-11,KRDRVOPK2I
KR4201TC2607,201TC260,코스피200 C 202312 260.0,-,0,-,-,-,-,18.60,55.45,0,0,0,OP,2022-07-11,KRDRVOPK2I
KR4201TC2706,201TC270,코스피200 C 202312 270.0,-,0,-,-,-,-,18.60,48.40,0,0,550,OP,2022-07-11,KRDRVOPK2I
KR4201TC2805,201TC280,코스피200 C 202312 280.0,-,0,-,-,-,-,18.60,42.10,0,0,0,OP,2022-07-11,KRDRVOPK2I
KR4201TC2904,201TC290,코스피200 C 202312 290.0,-,0,-,-,-,-,18.60,36.05,0,0,0,OP,2022-07-11,KRDRVOPK2I
KR4201TC3001,201TC300,코스피200 C 202312 300.0,-,0,-,-,-,-,18.60,31.05,0,0,"1,500",OP,2022-07-11,KRDRVOPK2I
KR4201TC3100,201TC310,코스피200 C 202312 310.0,-,0,-,-,-,-,18.60,26.10,0,0,531,OP,2022-07-11,KRDRVOPK2I
KR4201TC3209,201TC320,코스피200 C 202312 320.0,-,0,-,-,-,-,18.60,22.25,0,0,800,OP,2022-07-11,KRDRVOPK2I
KR4201TC3308,201TC330,코스피200 C 202312 330.0,-,0,-,-,-,-,18.60,18.40,0,0,907,OP,2022-07-11,KRDRVOPK2I
KR4201TC3407,201TC340,코스피200 C 202312 340.0,-,0,-,-,-,-,18.60,15.55,0,0,"1,854",OP,2022-07-11,KRDRVOPK2I
KR4201TC3506,201TC350,코스피200 C 202312 350.0,13.00,2,-0.50,13.00,13.00,13.00,18.60,13.00,1,"3,250,000","2,358",OP,2022-07-11,KRDRVOPK2I
KR4201TC3605,201TC360,코스피200 C 202312 360.0,10.00,2,-0.10,10.00,10.00,10.00,18.00,10.00,1,"2,500,000",872,OP,2022-07-11,KRDRVOPK2I
KR4201TC3704,201TC370,코스피200 C 202312 370.0,-,0,-,-,-,-,17.75,7.59,0,0,"2,119",OP,2022-07-11,KRDRVOPK2I
KR4201TC3803,201TC380,코스피200 C 202312 380.0,6.25,2,-0.15,6.50,6.50,6.25,17.50,6.25,3,"4,812,500","2,499",OP,2022-07-11,KRDRVOPK2I
KR4201TC3902,201TC390,코스피200 C 202312 390.0,-,0,-,-,-,-,17.46,4.63,0,0,"1,747",OP,2022-07-11,KRDRVOPK2I
KR4201TC4009,201TC400,코스피200 C 202312 400.0,-,0,-,-,-,-,17.43,3.68,0,0,"5,580",OP,2022-07-11,KRDRVOPK2I
KR4201TC4108,201TC410,코스피200 C 202312 410.0,-,0,-,-,-,-,17.40,2.87,0,0,806,OP,2022-07-11,KRDRVOPK2I
KR4201TC4207,201TC420,코스피200 C 202312 420.0,-,0,-,-,-,-,17.36,2.18,0,0,"1,605",OP,2022-07-11,KRDRVOPK2I
KR4201TC4306,201TC430,코스피200 C 202312 430.0,-,0,-,-,-,-,17.33,1.72,0,0,"4,611",OP,2022-07-11,KRDRVOPK2I
KR4201TC4405,201TC440,코스피200 C 202312 440.0,1.41,2,-0.10,1.40,1.41,1.40,17.30,1.41,2,"702,500","6,786",OP,2022-07-11,KRDRVOPK2I
KR4201TC4504,201TC450,코스피200 C 202312 450.0,-,0,-,-,-,-,17.45,1.05,0,0,"1,086",OP,2022-07-11,KRDRVOPK2I
KR4201TC4603,201TC460,코스피200 C 202312 460.0,-,0,-,-,-,-,17.60,0.86,0,0,"1,208",OP,2022-07-11,KRDRVOPK2I
KR4201TC4702,201TC470,코스피200 C 202312 470.0,-,0,-,-,-,-,17.75,0.67,0,0,310,OP,2022-07-11,KRDRVOPK2I
KR4201TC4801,201TC480,코스피200 C 202312 480.0,-,0,-,-,-,-,17.90,0.55,0,0,"2,516",OP,2022-07-11,KRDRVOPK2I
KR4201TC4900,201TC490,코스피200 C 202312 490.0,-,0,-,-,-,-,18.05,0.46,0,0,426,OP,2022-07-11,KRDRVOPK2I
KR4201TC5006,201TC500,코스피200 C 202312 500.0,-,0,-,-,-,-,18.20,0.37,0,0,"2,768",OP,2022-07-11,KRDRVOPK2I
KR4201TC5105,201TC510,코스피200 C 202312 510.0,-,0,-,-,-,-,18.35,0.29,0,0,151,OP,2022-07-11,KRDRVOPK2I
KR4201TC5204,201TC520,코스피200 C 202312 520.0,0.26,2,-0.01,0.26,0.26,0.26,18.50,0.26,38,"2,470,000",842,OP,2022-07-11,KRDRVOPK2I
KR4201V61800,201V6180,코스피200 C 202406 180.0,129.00,1,4.90,129.00,129.00,129.00,34.00,129.00,1,"32,250,000",1,OP,2022-07-11,KRDRVOPK2I
KR4201V61909,201V6190,코스피200 C 202406 190.0,-,0,-,-,-,-,33.20,120.30,0,0,0,OP,2022-07-11,KRDRVOPK2I
KR4201V62006,201V6200,코스피200 C 202406 200.0,-,0,-,-,-,-,32.40,112.30,0,0,0,OP,2022-07-11,KRDRVOPK2I
KR4201V62105,201V6210,코스피200 C 202406 210.0,-,0,-,-,-,-,31.60,104.30,0,0,0,OP,2022-07-11,KRDRVOPK2I
KR4201V62204,201V6220,코스피200 C 202406 220.0,-,0,-,-,-,-,30.80,96.45,0,0,0,OP,2022-07-11,KRDRVOPK2I
KR4201V62303,201V6230,코스피200 C 202406 230.0,-,0,-,-,-,-,30.00,89.10,0,0,0,OP,2022-07-11,KRDRVOPK2I
KR4201V62402,201V6240,코스피200 C 202406 240.0,-,0,-,-,-,-,29.20,81.70,0,0,0,OP,2022-07-11,KRDRVOPK2I
KR4201V62501,201V6250,코스피200 C 202406 250.0,-,0,-,-,-,-,28.40,74.30,0,0,0,OP,2022-07-11,KRDRVOPK2I
KR4201V62600,201V6260,코스피200 C 202406 260.0,-,0,-,-,-,-,27.60,67.70,0,0,0,OP,2022-07-11,KRDRVOPK2I
KR4201V62709,201V6270,코스피200 C 202406 270.0,-,0,-,-,-,-,26.80,61.00,0,0,0,OP,2022-07-11,KRDRVOPK2I
KR4201V62808,201V6280,코스피200 C 202406 280.0,-,0,-,-,-,-,26.00,54.30,0,0,0,OP,2022-07-11,KRDRVOPK2I
KR4201V62907,201V6290,코스피200 C 202406 290.0,-,0,-,-,-,-,25.20,48.50,0,0,0,OP,2022-07-11,KRDRVOPK2I
KR4201V63004,201V6300,코스피200 C 202406 300.0,-,0,-,-,-,-,24.40,42.65,0,0,300,OP,2022-07-11,KRDRVOPK2I
KR4201V63103,201V6310,코스피200 C 202406 310.0,-,0,-,-,-,-,23.60,36.85,0,0,201,OP,2022-07-11,KRDRVOPK2I
KR4201V63202,201V6320,코스피200 C 202406 320.0,-,0,-,-,-,-,22.80,32.00,0,0,201,OP,2022-07-11,KRDRVOPK2I
KR4201V63301,201V6330,코스피200 C 202406 330.0,-,0,-,-,-,-,22.00,27.05,0,0,3,OP,2022-07-11,KRDRVOPK2I
KR4201V63400,201V6340,코스피200 C 202406 340.0,-,0,-,-,-,-,21.20,22.55,0,0,300,OP,2022-07-11,KRDRVOPK2I
KR4201V63509,201V6350,코스피200 C 202406 350.0,-,0,-,-,-,-,20.40,18.60,0,0,3,OP,2022-07-11,KRDRVOPK2I
KR4201V63608,201V6360,코스피200 C 202406 360.0,-,0,-,-,-,-,19.60,14.75,0,0,501,OP,2022-07-11,KRDRVOPK2I
KR4201V63707,201V6370,코스피200 C 202406 370.0,-,0,-,-,-,-,18.80,11.70,0,0,1,OP,2022-07-11,KRDRVOPK2I
KR4201V63806,201V6380,코스피200 C 202406 380.0,9.10,1,0.10,9.10,9.10,9.10,18.00,9.10,1,"2,275,000",11,OP,2022-07-11,KRDRVOPK2I
KR4201V63905,201V6390,코스피200 C 202406 390.0,7.61,2,-0.19,7.61,7.61,7.61,17.80,7.61,1,"1,902,500",28,OP,2022-07-11,KRDRVOPK2I
KR4201V64002,201V6400,코스피200 C 202406 400.0,6.31,2,-0.09,6.30,6.31,5.95,18.10,6.31,3,"4,640,000",18,OP,2022-07-11,KRDRVOPK2I
KR4201V64101,201V6410,코스피200 C 202406 410.0,4.95,2,-0.25,5.20,5.20,4.95,17.70,4.95,4,"5,025,000",14,OP,2022-07-11,KRDRVOPK2I
KR4201V64200,201V6420,코스피200 C 202406 420.0,-,0,-,-,-,-,17.71,4.03,0,0,5,OP,2022-07-11,KRDRVOPK2I
KR4201V64309,201V6430,코스피200 C 202406 430.0,-,0,-,-,-,-,17.73,3.26,0,0,0,OP,2022-07-11,KRDRVOPK2I
KR4201V64408,201V6440,코스피200 C 202406 440.0,-,0,-,-,-,-,17.75,2.69,0,0,0,OP,2022-07-11,KRDRVOPK2I
KR4201V64507,201V6450,코스피200 C 202406 450.0,-,0,-,-,-,-,17.76,2.25,0,0,0,OP,2022-07-11,KRDRVOPK2I
KR4201V64606,201V6460,코스피200 C 202406 460.0,-,0,-,-,-,-,17.78,1.82,0,0,0,OP,2022-07-11,KRDRVOPK2I
KR4201V64705,201V6470,코스피200 C 202406 470.0,1.49,2,-0.13,1.49,1.49,1.49,17.80,1.49,1,"372,500",169,OP,2022-07-11,KRDRVOPK2I
KR4201VC1803,201VC180,코스피200 C 202412 180.0,-,0,-,-,-,-,34.00,131.40,0,0,0,OP,2022-07-11,KRDRVOPK2I
KR4201VC1902,201VC190,코스피200 C 202412 190.0,-,0,-,-,-,-,33.20,123.50,0,0,0,OP,2022-07-11,KRDRVOPK2I
KR4201VC2009,201VC200,코스피200 C 202412 200.0,-,0,-,-,-,-,32.40,115.60,0,0,0,OP,2022-07-11,KRDRVOPK2I
KR4201VC2108,201VC210,코스피200 C 202412 210.0,-,0,-,-,-,-,31.60,107.95,0,0,0,OP,2022-07-11,KRDRVOPK2I
KR4201VC2207,201VC220,코스피200 C 202412 220.0,-,0,-,-,-,-,30.80,100.65,0,0,0,OP,2022-07-11,KRDRVOPK2I
KR4201VC2306,201VC230,코스피200 C 202412 230.0,-,0,-,-,-,-,30.00,93.35,0,0,5,OP,2022-07-11,KRDRVOPK2I
KR4201VC2405,201VC240,코스피200 C 202412 240.0,-,0,-,-,-,-,29.20,85.95,0,0,0,OP,2022-07-11,KRDRVOPK2I
KR4201VC2504,201VC250,코스피200 C 202412 250.0,-,0,-,-,-,-,28.40,79.25,0,0,0,OP,2022-07-11,KRDRVOPK2I
KR4201VC2603,201VC260,코스피200 C 202412 260.0,-,0,-,-,-,-,27.60,72.60,0,0,0,OP,2022-07-11,KRDRVOPK2I
KR4201VC2702,201VC270,코스피200 C 202412 270.0,-,0,-,-,-,-,26.80,65.90,0,0,0,OP,2022-07-11,KRDRVOPK2I
KR4201VC2801,201VC280,코스피200 C 202412 280.0,-,0,-,-,-,-,26.00,59.45,0,0,0,OP,2022-07-11,KRDRVOPK2I
KR4201VC2900,201VC290,코스피200 C 202412 290.0,-,0,-,-,-,-,25.20,53.60,0,0,0,OP,2022-07-11,KRDRVOPK2I
KR4201VC3007,201VC300,코스피200 C 202412 300.0,-,0,-,-,-,-,24.40,47.70,0,0,0,OP,2022-07-11,KRDRVOPK2I
KR4201VC3106,201VC310,코스피200 C 202412 310.0,-,0,-,-,-,-,23.60,41.85,0,0,349,OP,2022-07-11,KRDRVOPK2I
KR4201VC3205,201VC320,코스피200 C 202412 320.0,-,0,-,-,-,-,22.80,36.85,0,0,1,OP,2022-07-11,KRDRVOPK2I
KR4201VC3304,201VC330,코스피200 C 202412 330.0,-,0,-,-,-,-,22.00,31.85,0,0,701,OP,2022-07-11,KRDRVOPK2I
KR4201VC3403,201VC340,코스피200 C 202412 340.0,-,0,-,-,-,-,21.20,26.90,0,0,0,OP,2022-07-11,KRDRVOPK2I
KR4201VC3502,201VC350,코스피200 C 202412 350.0,-,0,-,-,-,-,20.40,22.85,0,0,2,OP,2022-07-11,KRDRVOPK2I
KR4201VC3601,201VC360,코스피200 C 202412 360.0,-,0,-,-,-,-,19.60,18.70,0,0,2,OP,2022-07-11,KRDRVOPK2I
KR4201VC3700,201VC370,코스피200 C 202412 370.0,-,0,-,-,-,-,18.80,15.20,0,0,5,OP,2022-07-11,KRDRVOPK2I
KR4201VC3809,201VC380,코스피200 C 202412 380.0,-,0,-,-,-,-,18.00,11.95,0,0,7,OP,2022-07-11,KRDRVOPK2I
KR4201VC3908,201VC390,코스피200 C 202412 390.0,-,0,-,-,-,-,17.80,9.89,0,0,400,OP,2022-07-11,KRDRVOPK2I
KR4201VC4005,201VC400,코스피200 C 202412 400.0,-,0,-,-,-,-,18.10,8.99,0,0,6,OP,2022-07-11,KRDRVOPK2I
KR4201VC4104,201VC410,코스피200 C 202412 410.0,-,0,-,-,-,-,17.70,7.19,0,0,7,OP,2022-07-11,KRDRVOPK2I
KR4201VC4203,201VC420,코스피200 C 202412 420.0,-,0,-,-,-,-,17.71,6.01,0,0,27,OP,2022-07-11,KRDRVOPK2I
KR4201VC4302,201VC430,코스피200 C 202412 430.0,-,0,-,-,-,-,17.73,5.25,0,0,"1,001",OP,2022-07-11,KRDRVOPK2I
KR4201VC4401,201VC440,코스피200 C 202412 440.0,-,0,-,-,-,-,17.75,4.48,0,0,7,OP,2022-07-11,KRDRVOPK2I
KR4201VC4500,201VC450,코스피200 C 202412 450.0,-,0,-,-,-,-,17.76,3.71,0,0,276,OP,2022-07-11,KRDRVOPK2I
KR4201VC4609,201VC460,코스피200 C 202412 460.0,-,0,-,-,-,-,17.78,3.18,0,0,7,OP,2022-07-11,KRDRVOPK2I
KR4201VC4708,201VC470,코스피200 C 202412 470.0,-,0,-,-,-,-,17.80,2.76,0,0,5,OP,2022-07-11,KRDRVOPK2I
KR4201VC4807,201VC480,코스피200 C 202412 480.0,-,0,-,-,-,-,17.80,2.31,0,0,307,OP,2022-07-11,KRDRVOPK2I
KR4201VC4906,201VC490,코스피200 C 202412 490.0,-,0,-,-,-,-,17.80,1.87,0,0,205,OP,2022-07-11,KRDRVOPK2I
KR4201VC5002,201VC500,코스피200 C 202412 500.0,-,0,-,-,-,-,17.80,1.62,0,0,35,OP,2022-07-11,KRDRVOPK2I
KR4201VC5101,201VC510,코스피200 C 202412 510.0,-,0,-,-,-,-,17.80,1.39,0,0,115,OP,2022-07-11,KRDRVOPK2I
KR4201VC5200,201VC520,코스피200 C 202412 520.0,-,0,-,-,-,-,17.80,1.16,0,0,464,OP,2022-07-11,KRDRVOPK2I
KR4301S72223,301S7222,코스피200 P 202207 222.5,-,0,-,-,-,-,94.70,0.01,0,0,65,OP,2022-07-11,KRDRVOPK2I
KR4301S72256,301S7225,코스피200 P 202207 225.0,-,0,-,-,-,-,94.70,0.01,0,0,"21,036",OP,2022-07-11,KRDRVOPK2I
KR4301S72272,301S7227,코스피200 P 202207 227.5,-,0,-,-,-,-,94.70,0.01,0,0,"20,052",OP,2022-07-11,KRDRVOPK2I
KR4301S72306,301S7230,코스피200 P 202207 230.0,0.01,3,0.00,0.01,0.01,0.01,94.70,0.01,1,"2,500","54,080",OP,2022-07-11,KRDRVOPK2I
KR4301S72322,301S7232,코스피200 P 202207 232.5,-,0,-,-,-,-,91.64,0.01,0,0,"25,024",OP,2022-07-11,KRDRVOPK2I
KR4301S72355,301S7235,코스피200 P 202207 235.0,-,0,-,-,-,-,88.58,0.01,0,0,"23,191",OP,2022-07-11,KRDRVOPK2I
KR4301S72371,301S7237,코스피200 P 202207 237.5,-,0,-,-,-,-,85.52,0.01,0,0,"19,804",OP,2022-07-11,KRDRVOPK2I
KR4301S72405,301S7240,코스피200 P 202207 240.0,-,0,-,-,-,-,82.46,0.01,0,0,"19,427",OP,2022-07-11,KRDRVOPK2I
KR4301S72421,301S7242,코스피200 P 202207 242.5,0.01,3,0.00,0.01,0.01,0.01,79.40,0.01,3,"7,500","17,097",OP,2022-07-11,KRDRVOPK2I
KR4301S72454,301S7245,코스피200 P 202207 245.0,-,0,-,-,-,-,76.10,0.01,0,0,"22,895",OP,2022-07-11,KRDRVOPK2I
KR4301S72470,301S7247,코스피200 P 202207 247.5,-,0,-,-,-,-,72.80,0.01,0,0,"18,492",OP,2022-07-11,KRDRVOPK2I
KR4301S72504,301S7250,코스피200 P 202207 250.0,-,0,-,-,-,-,69.50,0.01,0,0,"26,321",OP,2022-07-11,KRDRVOPK2I
KR4301S72520,301S7252,코스피200 P 202207 252.5,0.01,3,0.00,0.01,0.01,0.01,66.20,0.01,1,"2,500","23,485",OP,2022-07-11,KRDRVOPK2I
KR4301S72553,301S7255,코스피200 P 202207 255.0,-,0,-,-,-,-,63.56,0.01,0,0,"49,631",OP,2022-07-11,KRDRVOPK2I
KR4301S72579,301S7257,코스피200 P 202207 257.5,-,0,-,-,-,-,60.93,0.01,0,0,"20,374",OP,2022-07-11,KRDRVOPK2I
KR4301S72603,301S7260,코스피200 P 202207 260.0,0.01,3,0.00,0.01,0.01,0.01,58.30,0.01,39,"97,500","18,863",OP,2022-07-11,KRDRVOPK2I
KR4301S72629,301S7262,코스피200 P 202207 262.5,0.01,3,0.00,0.01,0.01,0.01,57.80,0.01,35,"87,500","21,952",OP,2022-07-11,KRDRVOPK2I
KR4301S72652,301S7265,코스피200 P 202207 265.0,-,0,-,-,-,-,53.69,0.01,1,"2,500","17,355",OP,2022-07-11,KRDRVOPK2I
KR4301S72678,301S7267,코스피200 P 202207 267.5,0.01,3,0.00,0.01,0.01,0.01,49.60,0.01,57,"142,500","15,295",OP,2022-07-11,KRDRVOPK2I
KR4301S72702,301S7270,코스피200 P 202207 270.0,0.01,3,0.00,0.01,0.01,0.01,45.80,0.01,491,"1,227,500","35,691",OP,2022-07-11,KRDRVOPK2I
KR4301S72728,301S7272,코스피200 P 202207 272.5,0.01,5,-0.01,0.01,0.01,0.01,42.80,0.01,"4,128","11,690,000","15,641",OP,2022-07-11,KRDRVOPK2I
KR4301S72751,301S7275,코스피200 P 202207 275.0,0.01,5,-0.01,0.01,0.01,0.01,40.20,0.01,"8,565","21,965,000","26,145",OP,2022-07-11,KRDRVOPK2I
KR4301S72777,301S7277,코스피200 P 202207 277.5,0.01,5,-0.01,0.01,0.02,0.01,37.20,0.01,"13,406","33,675,000","26,032",OP,2022-07-11,KRDRVOPK2I
KR4301S72801,301S7280,코스피200 P 202207 280.0,0.01,5,-0.01,0.01,0.02,0.01,34.20,0.01,"27,042","75,037,500","33,684",OP,2022-07-11,KRDRVOPK2I
KR4301S72827,301S7282,코스피200 P 202207 282.5,0.01,5,-0.03,0.02,0.03,0.01,31.30,0.01,"7,132","33,150,000","17,085",OP,2022-07-11,KRDRVOPK2I
KR4301S72850,301S7285,코스피200 P 202207 285.0,0.02,2,-0.03,0.02,0.03,0.01,30.80,0.02,"33,819","182,215,000","34,150",OP,2022-07-11,KRDRVOPK2I
KR4301S72876,301S7287,코스피200 P 202207 287.5,0.03,2,-0.04,0.03,0.05,0.02,28.80,0.03,"36,335","289,695,000","28,895",OP,2022-07-11,KRDRVOPK2I
KR4301S72900,301S7290,코스피200 P 202207 290.0,0.05,2,-0.05,0.05,0.07,0.03,27.70,0.05,"57,541","710,485,000","33,231",OP,2022-07-11,KRDRVOPK2I
KR4301S72926,301S7292,코스피200 P 202207 292.5,0.08,2,-0.06,0.08,0.10,0.05,26.10,0.08,"84,526","1,554,535,000","23,259",OP,2022-07-11,KRDRVOPK2I
KR4301S72959,301S7295,코스피200 P 202207 295.0,0.14,2,-0.09,0.12,0.17,0.08,24.80,0.14,"156,624","4,940,812,500","42,136",OP,2022-07-11,KRDRVOPK2I
KR4301S72975,301S7297,코스피200 P 202207 297.5,0.25,2,-0.10,0.20,0.30,0.14,23.70,0.25,"163,845","9,129,752,500","38,269",OP,2022-07-11,KRDRVOPK2I
KR4301S73007,301S7300,코스피200 P 202207 300.0,0.45,2,-0.15,0.35,0.56,0.25,22.80,0.45,"283,001","28,477,650,000","45,877",OP,2022-07-11,KRDRVOPK2I
KR4301S73023,301S7302,코스피200 P 202207 302.5,0.81,2,-0.14,0.60,1.00,0.43,22.10,0.81,"251,054","45,173,507,500","28,150",OP,2022-07-11,KRDRVOPK2I
KR4301S73056,301S7305,코스피200 P 202207 305.0,1.44,2,-0.08,1.02,1.68,0.76,21.90,1.44,"237,289","72,012,365,000","18,909",OP,2022-07-11,KRDRVOPK2I
KR4301S73072,301S7307,코스피200 P 202207 307.5,2.34,3,0.00,1.63,2.65,1.30,21.40,2.34,"124,792","61,556,312,500","16,370",OP,2022-07-11,KRDRVOPK2I
KR4301S73106,301S7310,코스피200 P 202207 310.0,3.53,1,0.20,2.51,3.98,2.09,20.30,3.53,"88,052","64,628,520,000","22,441",OP,2022-07-11,KRDRVOPK2I
KR4301S73122,301S7312,코스피200 P 202207 312.5,5.12,1,0.47,3.65,5.58,3.20,19.50,5.12,"17,243","18,118,550,000","9,989",OP,2022-07-11,KRDRVOPK2I
KR4301S73155,301S7315,코스피200 P 202207 315.0,7.03,1,0.76,5.48,7.54,4.65,18.00,7.03,"10,156","15,588,925,000","23,197",OP,2022-07-11,KRDRVOPK2I
KR4301S73171,301S7317,코스피200 P 202207 317.5,9.20,1,1.02,7.03,9.68,6.47,16.00,9.20,890,"1,816,870,000","9,231",OP,2022-07-11,KRDRVOPK2I
KR4301S73205,301S7320,코스피200 P 202207 320.0,11.60,1,1.15,9.20,12.05,8.50,8.00,11.60,473,"1,247,667,500","14,961",OP,2022-07-11,KRDRVOPK2I
KR4301S73221,301S7322,코스피200 P 202207 322.5,13.35,1,0.55,13.15,13.40,11.05,28.00,13.35,21,"67,487,500","7,152",OP,2022-07-11,KRDRVOPK2I
KR4301S73254,301S7325,코스피200 P 202207 325.0,16.45,1,1.70,13.65,17.20,13.20,3.00,16.45,158,"594,162,500","12,172",OP,2022-07-11,KRDRVOPK2I
KR4301S73270,301S7327,코스피200 P 202207 327.5,18.10,1,0.95,17.20,19.00,15.80,32.00,18.10,39,"171,587,500","5,759",OP,2022-07-11,KRDRVOPK2I
KR4301S73304,301S7330,코스피200 P 202207 330.0,21.45,1,2.60,18.85,21.50,18.10,3.00,21.45,43,"218,762,500","12,472",OP,2022-07-11,KRDRVOPK2I
KR4301S73320,301S7332,코스피200 P 202207 332.5,24.00,1,2.60,21.35,26.00,20.75,3.00,24.00,10,"57,512,500","3,998",OP,2022-07-11,KRDRVOPK2I
KR4301S73353,301S7335,코스피200 P 202207 335.0,26.75,1,1.95,24.40,26.75,24.40,48.00,26.75,42,"269,287,500","7,893",OP,2022-07-11,KRDRVOPK2I
KR4301S73379,301S7337,코스피200 P 202207 337.5,28.35,1,3.75,28.30,28.35,28.30,3.00,28.35,5,"35,412,500","1,932",OP,2022-07-11,KRDRVOPK2I
KR4301S73403,301S7340,코스피200 P 202207 340.0,31.45,1,1.80,29.60,31.75,28.20,3.00,31.45,74,"567,187,500","13,398",OP,2022-07-11,KRDRVOPK2I
KR4301S73429,301S7342,코스피200 P 202207 342.5,34.00,1,4.25,33.70,34.00,33.70,48.00,34.00,4,"33,850,000","2,798",OP,2022-07-11,KRDRVOPK2I
KR4301S73452,301S7345,코스피200 P 202207 345.0,33.45,2,-0.05,33.45,33.45,33.45,32.00,33.45,3,"25,087,500","5,366",OP,2022-07-11,KRDRVOPK2I
KR4301S73478,301S7347,코스피200 P 202207 347.5,37.30,1,1.35,37.30,37.30,37.30,32.00,37.30,1,"9,325,000","1,356",OP,2022-07-11,KRDRVOPK2I
KR4301S73502,301S7350,코스피200 P 202207 350.0,41.15,1,3.05,38.80,41.85,38.15,3.00,41.15,6,"59,175,000","4,064",OP,2022-07-11,KRDRVOPK2I
KR4301S73528,301S7352,코스피200 P 202207 352.5,-,0,-,-,-,-,10.62,44.15,0,0,"1,138",OP,2022-07-11,KRDRVOPK2I
KR4301S73551,301S7355,코스피200 P 202207 355.0,-,0,-,-,-,-,18.25,46.65,0,0,221,OP,2022-07-11,KRDRVOPK2I
KR4301S73577,301S7357,코스피200 P 202207 357.5,-,0,-,-,-,-,25.87,49.15,0,0,76,OP,2022-07-11,KRDRVOPK2I
KR4301S73601,301S7360,코스피200 P 202207 360.0,-,0,-,-,-,-,33.50,51.65,0,0,172,OP,2022-07-11,KRDRVOPK2I
KR4301S73627,301S7362,코스피200 P 202207 362.5,-,0,-,-,-,-,41.12,54.15,0,0,26,OP,2022-07-11,KRDRVOPK2I
KR4301S73650,301S7365,코스피200 P 202207 365.0,-,0,-,-,-,-,48.75,56.65,0,0,254,OP,2022-07-11,KRDRVOPK2I
KR4301S73676,301S7367,코스피200 P 202207 367.5,-,0,-,-,-,-,56.37,59.15,0,0,7,OP,2022-07-11,KRDRVOPK2I
KR4301S73700,301S7370,코스피200 P 202207 370.0,58.30,2,-0.80,59.10,59.10,58.25,64.00,58.30,8,"117,275,000",809,OP,2022-07-11,KRDRVOPK2I
KR4301S73726,301S7372,코스피200 P 202207 372.5,-,0,-,-,-,-,48.75,64.15,0,0,0,OP,2022-07-11,KRDRVOPK2I
KR4301S73759,301S7375,코스피200 P 202207 375.0,-,0,-,-,-,-,33.50,66.65,0,0,27,OP,2022-07-11,KRDRVOPK2I
KR4301S73775,301S7377,코스피200 P 202207 377.5,-,0,-,-,-,-,18.25,69.15,0,0,0,OP,2022-07-11,KRDRVOPK2I
KR4301S73809,301S7380,코스피200 P 202207 380.0,66.60,1,0.10,66.60,66.60,66.60,3.00,66.60,1,"16,650,000",277,OP,2022-07-11,KRDRVOPK2I
KR4301S73825,301S7382,코스피200 P 202207 382.5,-,0,-,-,-,-,6.81,74.15,0,0,0,OP,2022-07-11,KRDRVOPK2I
KR4301S73858,301S7385,코스피200 P 202207 385.0,-,0,-,-,-,-,10.62,76.65,0,0,5,OP,2022-07-11,KRDRVOPK2I
KR4301S73874,301S7387,코스피200 P 202207 387.5,-,0,-,-,-,-,14.43,79.15,0,0,0,OP,2022-07-11,KRDRVOPK2I
KR4301S73908,301S7390,코스피200 P 202207 390.0,-,0,-,-,-,-,18.25,81.65,0,0,3,OP,2022-07-11,KRDRVOPK2I
KR4301S73924,301S7392,코스피200 P 202207 392.5,-,0,-,-,-,-,22.06,84.15,0,0,0,OP,2022-07-11,KRDRVOPK2I
KR4301S73957,301S7395,코스피200 P 202207 395.0,-,0,-,-,-,-,25.87,86.65,0,0,1,OP,2022-07-11,KRDRVOPK2I
KR4301S73973,301S7397,코스피200 P 202207 397.5,-,0,-,-,-,-,29.68,89.15,0,0,0,OP,2022-07-11,KRDRVOPK2I
KR4301S74005,301S7400,코스피200 P 202207 400.0,-,0,-,-,-,-,33.50,91.65,0,0,11,OP,2022-07-11,KRDRVOPK2I
KR4301S74021,301S7402,코스피200 P 202207 402.5,-,0,-,-,-,-,37.31,94.15,0,0,0,OP,2022-07-11,KRDRVOPK2I
KR4301S74054,301S7405,코스피200 P 202207 405.0,-,0,-,-,-,-,41.12,96.65,0,0,1,OP,2022-07-11,KRDRVOPK2I
KR4301S74070,301S7407,코스피200 P 202207 407.5,-,0,-,-,-,-,44.93,99.15,0,0,1,OP,2022-07-11,KRDRVOPK2I
KR4301S74104,301S7410,코스피200 P 202207 410.0,-,0,-,-,-,-,48.75,101.65,0,0,3,OP,2022-07-11,KRDRVOPK2I
KR4301S74120,301S7412,코스피200 P 202207 412.5,-,0,-,-,-,-,52.56,104.15,0,0,0,OP,2022-07-11,KRDRVOPK2I
KR4301S74153,301S7415,코스피200 P 202207 415.0,-,0,-,-,-,-,56.37,106.65,0,0,0,OP,2022-07-11,KRDRVOPK2I
KR4301S74179,301S7417,코스피200 P 202207 417.5,-,0,-,-,-,-,60.18,109.15,0,0,0,OP,2022-07-11,KRDRVOPK2I
KR4301S74203,301S7420,코스피200 P 202207 420.0,108.00,1,1.00,108.00,108.00,108.00,64.00,108.00,1,"27,000,000",21,OP,2022-07-11,KRDRVOPK2I
KR4301S74229,301S7422,코스피200 P 202207 422.5,-,0,-,-,-,-,64.00,114.15,0,0,0,OP,2022-07-11,KRDRVOPK2I
KR4301S74252,301S7425,코스피200 P 202207 425.0,-,0,-,-,-,-,64.00,116.65,0,0,11,OP,2022-07-11,KRDRVOPK2I
KR4301S74278,301S7427,코스피200 P 202207 427.5,-,0,-,-,-,-,64.00,119.15,0,0,0,OP,2022-07-11,KRDRVOPK2I
KR4301S74302,301S7430,코스피200 P 202207 430.0,-,0,-,-,-,-,64.00,121.65,0,0,50,OP,2022-07-11,KRDRVOPK2I
KR4301S74328,301S7432,코스피200 P 202207 432.5,-,0,-,-,-,-,64.00,124.15,0,0,0,OP,2022-07-11,KRDRVOPK2I
KR4301S74351,301S7435,코스피200 P 202207 435.0,-,0,-,-,-,-,64.00,126.65,0,0,0,OP,2022-07-11,KRDRVOPK2I
KR4301S74377,301S7437,코스피200 P 202207 437.5,-,0,-,-,-,-,64.00,129.15,0,0,0,OP,2022-07-11,KRDRVOPK2I
KR4301S74401,301S7440,코스피200 P 202207 440.0,-,0,-,-,-,-,64.00,131.65,0,0,0,OP,2022-07-11,KRDRVOPK2I
KR4301S74427,301S7442,코스피200 P 202207 442.5,-,0,-,-,-,-,64.00,134.15,0,0,0,OP,2022-07-11,KRDRVOPK2I
KR4301S74450,301S7445,코스피200 P 202207 445.0,-,0,-,-,-,-,64.00,136.65,0,0,0,OP,2022-07-11,KRDRVOPK2I
KR4301S74476,301S7447,코스피200 P 202207 447.5,-,0,-,-,-,-,64.00,139.15,0,0,0,OP,2022-07-11,KRDRVOPK2I
KR4301S74500,301S7450,코스피200 P 202207 450.0,-,0,-,-,-,-,64.00,141.65,0,0,32,OP,2022-07-11,KRDRVOPK2I
KR4301S74526,301S7452,코스피200 P 202207 452.5,-,0,-,-,-,-,64.00,144.15,0,0,0,OP,2022-07-11,KRDRVOPK2I
KR4301S74559,301S7455,코스피200 P 202207 455.0,-,0,-,-,-,-,64.00,146.65,0,0,0,OP,2022-07-11,KRDRVOPK2I
KR4301S74575,301S7457,코스피200 P 202207 457.5,-,0,-,-,-,-,64.00,149.15,0,0,0,OP,2022-07-11,KRDRVOPK2I
KR4301S74609,301S7460,코스피200 P 202207 460.0,-,0,-,-,-,-,64.00,151.65,0,0,0,OP,2022-07-11,KRDRVOPK2I
KR4301S74625,301S7462,코스피200 P 202207 462.5,-,0,-,-,-,-,64.00,154.15,0,0,0,OP,2022-07-11,KRDRVOPK2I
KR4301S74658,301S7465,코스피200 P 202207 465.0,-,0,-,-,-,-,64.00,156.65,0,0,0,OP,2022-07-11,KRDRVOPK2I
KR4301S74674,301S7467,코스피200 P 202207 467.5,-,0,-,-,-,-,64.00,159.15,0,0,0,OP,2022-07-11,KRDRVOPK2I
KR4301S74708,301S7470,코스피200 P 202207 470.0,-,0,-,-,-,-,64.00,161.65,0,0,0,OP,2022-07-11,KRDRVOPK2I
KR4301S74724,301S7472,코스피200 P 202207 472.5,-,0,-,-,-,-,64.00,164.15,0,0,0,OP,2022-07-11,KRDRVOPK2I
KR4301S74757,301S7475,코스피200 P 202207 475.0,-,0,-,-,-,-,64.00,166.65,0,0,0,OP,2022-07-11,KRDRVOPK2I
KR4301S74773,301S7477,코스피200 P 202207 477.5,-,0,-,-,-,-,64.00,169.15,0,0,0,OP,2022-07-11,KRDRVOPK2I
KR4301S74807,301S7480,코스피200 P 202207 480.0,-,0,-,-,-,-,64.00,171.65,0,0,0,OP,2022-07-11,KRDRVOPK2I
KR4301S74823,301S7482,코스피200 P 202207 482.5,-,0,-,-,-,-,64.00,174.15,0,0,0,OP,2022-07-11,KRDRVOPK2I
KR4301S74856,301S7485,코스피200 P 202207 485.0,-,0,-,-,-,-,64.00,176.65,0,0,0,OP,2022-07-11,KRDRVOPK2I
KR4301S74872,301S7487,코스피200 P 202207 487.5,-,0,-,-,-,-,64.00,179.15,0,0,0,OP,2022-07-11,KRDRVOPK2I
KR4301S74906,301S7490,코스피200 P 202207 490.0,-,0,-,-,-,-,64.00,181.65,0,0,0,OP,2022-07-11,KRDRVOPK2I
KR4301S74922,301S7492,코스피200 P 202207 492.5,-,0,-,-,-,-,64.00,184.15,0,0,0,OP,2022-07-11,KRDRVOPK2I
KR4301S74955,301S7495,코스피200 P 202207 495.0,-,0,-,-,-,-,64.00,186.65,0,0,0,OP,2022-07-11,KRDRVOPK2I
KR4301S74971,301S7497,코스피200 P 202207 497.5,-,0,-,-,-,-,64.00,189.15,0,0,0,OP,2022-07-11,KRDRVOPK2I
KR4301S75002,301S7500,코스피200 P 202207 500.0,-,0,-,-,-,-,64.00,191.65,0,0,25,OP,2022-07-11,KRDRVOPK2I
KR4301S75028,301S7502,코스피200 P 202207 502.5,-,0,-,-,-,-,64.00,194.15,0,0,0,OP,2022-07-11,KRDRVOPK2I
KR4301S75051,301S7505,코스피200 P 202207 505.0,-,0,-,-,-,-,64.00,196.60,0,0,41,OP,2022-07-11,KRDRVOPK2I
KR4301S75077,301S7507,코스피200 P 202207 507.5,-,0,-,-,-,-,64.00,199.10,0,0,54,OP,2022-07-11,KRDRVOPK2I
KR4301S75101,301S7510,코스피200 P 202207 510.0,-,0,-,-,-,-,64.00,201.60,0,0,129,OP,2022-07-11,KRDRVOPK2I
KR4301S75127,301S7512,코스피200 P 202207 512.5,-,0,-,-,-,-,64.00,204.10,0,0,0,OP,2022-07-11,KRDRVOPK2I
KR4301S75150,301S7515,코스피200 P 202207 515.0,-,0,-,-,-,-,64.00,206.60,0,0,17,OP,2022-07-11,KRDRVOPK2I
KR4301S82222,301S8222,코스피200 P 202208 222.5,0.05,2,-0.01,0.05,0.06,0.05,43.10,0.05,"2,138","28,317,500","5,825",OP,2022-07-11,KRDRVOPK2I
KR4301S82255,301S8225,코스피200 P 202208 225.0,0.06,3,0.00,0.06,0.07,0.05,42.70,0.06,"1,974","29,415,000","10,867",OP,2022-07-11,KRDRVOPK2I
KR4301S82271,301S8227,코스피200 P 202208 227.5,0.08,1,0.01,0.07,0.08,0.07,42.70,0.08,55,"967,500","1,499",OP,2022-07-11,KRDRVOPK2I
KR4301S82305,301S8230,코스피200 P 202208 230.0,0.08,3,0.00,0.08,0.09,0.07,41.30,0.08,245,"4,530,000","3,710",OP,2022-07-11,KRDRVOPK2I
KR4301S82321,301S8232,코스피200 P 202208 232.5,0.09,2,-0.01,0.08,0.10,0.08,40.40,0.09,348,"7,310,000","2,799",OP,2022-07-11,KRDRVOPK2I
KR4301S82354,301S8235,코스피200 P 202208 235.0,0.09,2,-0.01,0.10,0.11,0.08,39.00,0.09,471,"11,327,500","1,715",OP,2022-07-11,KRDRVOPK2I
KR4301S82370,301S8237,코스피200 P 202208 237.5,0.11,2,-0.01,0.11,0.12,0.10,38.60,0.11,225,"6,042,500",819,OP,2022-07-11,KRDRVOPK2I
KR4301S82404,301S8240,코스피200 P 202208 240.0,0.12,2,-0.02,0.12,0.13,0.11,37.70,0.12,"1,213","34,767,500","8,493",OP,2022-07-11,KRDRVOPK2I
KR4301S82420,301S8242,코스피200 P 202208 242.5,0.14,3,0.00,0.13,0.15,0.12,37.30,0.14,394,"12,617,500","1,390",OP,2022-07-11,KRDRVOPK2I
KR4301S82453,301S8245,코스피200 P 202208 245.0,0.16,2,-0.01,0.16,0.16,0.14,36.60,0.16,972,"35,947,500","1,827",OP,2022-07-11,KRDRVOPK2I
KR4301S82479,301S8247,코스피200 P 202208 247.5,0.18,2,-0.02,0.18,0.19,0.16,35.60,0.18,495,"21,745,000","1,075",OP,2022-07-11,KRDRVOPK2I
KR4301S82503,301S8250,코스피200 P 202208 250.0,0.20,2,-0.01,0.20,0.22,0.17,34.60,0.20,"1,218","60,455,000","3,968",OP,2022-07-11,KRDRVOPK2I
KR4301S82529,301S8252,코스피200 P 202208 252.5,0.22,2,-0.03,0.23,0.24,0.19,33.60,0.22,927,"51,542,500","1,448",OP,2022-07-11,KRDRVOPK2I
KR4301S82552,301S8255,코스피200 P 202208 255.0,0.26,2,-0.01,0.23,0.28,0.22,33.20,0.26,"1,250","79,157,500","1,729",OP,2022-07-11,KRDRVOPK2I
KR4301S82578,301S8257,코스피200 P 202208 257.5,0.29,2,-0.03,0.27,0.32,0.25,32.50,0.29,448,"32,385,000","1,265",OP,2022-07-11,KRDRVOPK2I
KR4301S82602,301S8260,코스피200 P 202208 260.0,0.34,2,-0.03,0.31,0.36,0.29,31.70,0.34,"1,778","146,307,500","3,516",OP,2022-07-11,KRDRVOPK2I
KR4301S82628,301S8262,코스피200 P 202208 262.5,0.40,2,-0.02,0.38,0.42,0.33,31.00,0.40,758,"73,507,500","1,462",OP,2022-07-11,KRDRVOPK2I
KR4301S82651,301S8265,코스피200 P 202208 265.0,0.45,2,-0.03,0.43,0.49,0.36,30.10,0.45,942,"102,970,000","2,422",OP,2022-07-11,KRDRVOPK2I
KR4301S82677,301S8267,코스피200 P 202208 267.5,0.52,2,-0.05,0.50,0.56,0.43,29.60,0.52,"1,678","214,145,000","1,722",OP,2022-07-11,KRDRVOPK2I
KR4301S82701,301S8270,코스피200 P 202208 270.0,0.61,2,-0.05,0.56,0.66,0.50,29.00,0.61,"2,238","326,145,000","6,107",OP,2022-07-11,KRDRVOPK2I
KR4301S82727,301S8272,코스피200 P 202208 272.5,0.73,2,-0.02,0.65,0.78,0.58,28.30,0.73,"1,527","261,225,000","1,889",OP,2022-07-11,KRDRVOPK2I
KR4301S82750,301S8275,코스피200 P 202208 275.0,0.85,2,-0.03,0.83,0.91,0.68,27.70,0.85,"2,278","449,385,000","6,411",OP,2022-07-11,KRDRVOPK2I
KR4301S82776,301S8277,코스피200 P 202208 277.5,0.99,2,-0.03,0.90,1.07,0.80,27.30,0.99,"1,668","387,540,000","3,159",OP,2022-07-11,KRDRVOPK2I
KR4301S82800,301S8280,코스피200 P 202208 280.0,1.20,2,-0.01,1.04,1.27,0.93,26.70,1.20,"2,860","789,810,000","7,324",OP,2022-07-11,KRDRVOPK2I
KR4301S82826,301S8282,코스피200 P 202208 282.5,1.40,2,-0.03,1.24,1.49,1.11,26.00,1.40,"3,387","1,082,405,000","2,857",OP,2022-07-11,KRDRVOPK2I
KR4301S82859,301S8285,코스피200 P 202208 285.0,1.66,2,-0.02,1.47,1.78,1.31,25.60,1.66,"2,286","889,132,500","2,834",OP,2022-07-11,KRDRVOPK2I
KR4301S82875,301S8287,코스피200 P 202208 287.5,1.95,1,0.02,1.77,2.11,1.55,25.00,1.95,"1,253","587,750,000","2,595",OP,2022-07-11,KRDRVOPK2I
KR4301S82909,301S8290,코스피200 P 202208 290.0,2.33,2,-0.01,2.07,2.50,1.83,24.50,2.33,"4,079","2,264,882,500","4,808",OP,2022-07-11,KRDRVOPK2I
KR4301S82925,301S8292,코스피200 P 202208 292.5,2.75,1,0.06,2.45,2.95,2.18,24.10,2.75,"1,588","1,038,552,500","3,073",OP,2022-07-11,KRDRVOPK2I
KR4301S82958,301S8295,코스피200 P 202208 295.0,3.26,3,0.00,3.13,3.46,2.59,23.60,3.26,"1,969","1,511,910,000","7,217",OP,2022-07-11,KRDRVOPK2I
KR4301S82974,301S8297,코스피200 P 202208 297.5,3.89,1,0.07,3.36,4.09,3.05,23.30,3.89,561,"506,517,500","2,724",OP,2022-07-11,KRDRVOPK2I
KR4301S83006,301S8300,코스피200 P 202208 300.0,4.53,1,0.13,4.00,4.78,3.61,22.90,4.53,"1,051","1,108,970,000","16,260",OP,2022-07-11,KRDRVOPK2I
KR4301S83022,301S8302,코스피200 P 202208 302.5,5.31,1,0.10,4.70,5.50,4.34,22.30,5.31,301,"380,370,000","1,855",OP,2022-07-11,KRDRVOPK2I
KR4301S83055,301S8305,코스피200 P 202208 305.0,6.31,1,0.27,5.75,6.54,4.98,22.40,6.31,"1,487","2,216,940,000","6,761",OP,2022-07-11,KRDRVOPK2I
KR4301S83071,301S8307,코스피200 P 202208 307.5,7.20,1,0.25,6.26,7.48,5.84,21.50,7.20,365,"608,890,000","1,397",OP,2022-07-11,KRDRVOPK2I
KR4301S83105,301S8310,코스피200 P 202208 310.0,8.40,1,0.36,7.58,8.68,6.83,21.30,8.40,"1,249","2,506,647,500","8,475",OP,2022-07-11,KRDRVOPK2I
KR4301S83121,301S8312,코스피200 P 202208 312.5,9.68,1,0.43,8.31,10.00,7.92,21.00,9.68,573,"1,253,895,000","3,801",OP,2022-07-11,KRDRVOPK2I
KR4301S83154,301S8315,코스피200 P 202208 315.0,10.80,1,0.45,9.85,11.25,9.25,20.50,10.80,67,"179,932,500","1,403",OP,2022-07-11,KRDRVOPK2I
KR4301S83170,301S8317,코스피200 P 202208 317.5,12.60,1,0.60,11.20,12.85,10.65,20.30,12.60,61,"182,612,500",949,OP,2022-07-11,KRDRVOPK2I
KR4301S83204,301S8320,코스피200 P 202208 320.0,14.30,1,0.85,12.60,14.75,12.00,20.00,14.30,97,"332,700,000","2,122",OP,2022-07-11,KRDRVOPK2I
KR4301S83220,301S8322,코스피200 P 202208 322.5,15.50,1,0.50,14.00,16.35,14.00,20.50,15.50,7,"26,712,500",266,OP,2022-07-11,KRDRVOPK2I
KR4301S83253,301S8325,코스피200 P 202208 325.0,18.25,1,2.45,15.80,18.25,15.80,20.50,18.25,18,"74,325,000","3,284",OP,2022-07-11,KRDRVOPK2I
KR4301S83279,301S8327,코스피200 P 202208 327.5,19.30,1,0.95,19.75,19.75,19.20,19.00,19.30,4,"19,487,500",219,OP,2022-07-11,KRDRVOPK2I
KR4301S83303,301S8330,코스피200 P 202208 330.0,22.10,1,1.65,21.00,22.55,19.95,21.00,22.10,13,"70,700,000","1,442",OP,2022-07-11,KRDRVOPK2I
KR4301S83329,301S8332,코스피200 P 202208 332.5,-,0,-,-,-,-,20.50,24.65,0,0,141,OP,2022-07-11,KRDRVOPK2I
KR4301S83352,301S8335,코스피200 P 202208 335.0,26.25,1,2.65,26.25,26.25,26.25,20.00,26.25,4,"26,250,000",991,OP,2022-07-11,KRDRVOPK2I
KR4301S83378,301S8337,코스피200 P 202208 337.5,-,0,-,-,-,-,21.00,29.30,0,0,81,OP,2022-07-11,KRDRVOPK2I
KR4301S83402,301S8340,코스피200 P 202208 340.0,31.50,1,1.50,30.50,31.50,30.50,22.00,31.50,6,"46,187,500","1,160",OP,2022-07-11,KRDRVOPK2I
KR4301S83428,301S8342,코스피200 P 202208 342.5,-,0,-,-,-,-,23.00,34.20,0,0,59,OP,2022-07-11,KRDRVOPK2I
KR4301S83451,301S8345,코스피200 P 202208 345.0,36.45,1,2.35,33.80,36.70,33.15,24.00,36.45,41,"360,337,500","1,981",OP,2022-07-11,KRDRVOPK2I
KR4301S83477,301S8347,코스피200 P 202208 347.5,36.00,2,-1.30,36.00,36.00,36.00,3.00,36.00,1,"9,000,000",255,OP,2022-07-11,KRDRVOPK2I
KR4301S83501,301S8350,코스피200 P 202208 350.0,-,0,-,-,-,-,8.80,41.15,0,0,"2,729",OP,2022-07-11,KRDRVOPK2I
KR4301S83527,301S8352,코스피200 P 202208 352.5,-,0,-,-,-,-,14.60,43.65,0,0,21,OP,2022-07-11,KRDRVOPK2I
KR4301S83550,301S8355,코스피200 P 202208 355.0,-,0,-,-,-,-,20.40,46.20,0,0,44,OP,2022-07-11,KRDRVOPK2I
KR4301S83576,301S8357,코스피200 P 202208 357.5,-,0,-,-,-,-,26.20,48.90,0,0,0,OP,2022-07-11,KRDRVOPK2I
KR4301S83600,301S8360,코스피200 P 202208 360.0,51.50,1,3.50,51.00,51.50,50.50,32.00,51.50,7,"88,937,500",463,OP,2022-07-11,KRDRVOPK2I
KR4301S83626,301S8362,코스피200 P 202208 362.5,-,0,-,-,-,-,32.00,54.15,0,0,0,OP,2022-07-11,KRDRVOPK2I
KR4301S83659,301S8365,코스피200 P 202208 365.0,-,0,-,-,-,-,32.00,56.55,0,0,5,OP,2022-07-11,KRDRVOPK2I
KR4301S83675,301S8367,코스피200 P 202208 367.5,-,0,-,-,-,-,32.00,58.95,0,0,0,OP,2022-07-11,KRDRVOPK2I
KR4301S83709,301S8370,코스피200 P 202208 370.0,-,0,-,-,-,-,32.00,61.40,0,0,1,OP,2022-07-11,KRDRVOPK2I
KR4301S83725,301S8372,코스피200 P 202208 372.5,-,0,-,-,-,-,32.00,63.85,0,0,0,OP,2022-07-11,KRDRVOPK2I
KR4301S83758,301S8375,코스피200 P 202208 375.0,-,0,-,-,-,-,32.00,66.30,0,0,2,OP,2022-07-11,KRDRVOPK2I
KR4301S83774,301S8377,코스피200 P 202208 377.5,-,0,-,-,-,-,32.00,68.75,0,0,0,OP,2022-07-11,KRDRVOPK2I
KR4301S83808,301S8380,코스피200 P 202208 380.0,-,0,-,-,-,-,32.00,71.20,0,0,1,OP,2022-07-11,KRDRVOPK2I
KR4301S83824,301S8382,코스피200 P 202208 382.5,-,0,-,-,-,-,32.00,73.70,0,0,0,OP,2022-07-11,KRDRVOPK2I
KR4301S83857,301S8385,코스피200 P 202208 385.0,-,0,-,-,-,-,32.00,76.15,0,0,2,OP,2022-07-11,KRDRVOPK2I
KR4301S83873,301S8387,코스피200 P 202208 387.5,-,0,-,-,-,-,32.00,78.65,0,0,0,OP,2022-07-11,KRDRVOPK2I
KR4301S83907,301S8390,코스피200 P 202208 390.0,-,0,-,-,-,-,32.00,81.10,0,0,0,OP,2022-07-11,KRDRVOPK2I
KR4301S83923,301S8392,코스피200 P 202208 392.5,-,0,-,-,-,-,32.00,83.60,0,0,0,OP,2022-07-11,KRDRVOPK2I
KR4301S83956,301S8395,코스피200 P 202208 395.0,-,0,-,-,-,-,32.00,86.10,0,0,1,OP,2022-07-11,KRDRVOPK2I
KR4301S83972,301S8397,코스피200 P 202208 397.5,-,0,-,-,-,-,32.00,88.60,0,0,0,OP,2022-07-11,KRDRVOPK2I
KR4301S84004,301S8400,코스피200 P 202208 400.0,-,0,-,-,-,-,32.00,91.05,0,0,4,OP,2022-07-11,KRDRVOPK2I
KR4301S84020,301S8402,코스피200 P 202208 402.5,-,0,-,-,-,-,32.00,93.55,0,0,0,OP,2022-07-11,KRDRVOPK2I
KR4301S84053,301S8405,코스피200 P 202208 405.0,-,0,-,-,-,-,32.00,96.05,0,0,0,OP,2022-07-11,KRDRVOPK2I
KR4301S84079,301S8407,코스피200 P 202208 407.5,-,0,-,-,-,-,32.00,98.55,0,0,1,OP,2022-07-11,KRDRVOPK2I
KR4301S84103,301S8410,코스피200 P 202208 410.0,-,0,-,-,-,-,32.00,101.05,0,0,0,OP,2022-07-11,KRDRVOPK2I
KR4301S84129,301S8412,코스피200 P 202208 412.5,-,0,-,-,-,-,32.00,103.55,0,0,0,OP,2022-07-11,KRDRVOPK2I
KR4301S84152,301S8415,코스피200 P 202208 415.0,-,0,-,-,-,-,32.00,106.00,0,0,0,OP,2022-07-11,KRDRVOPK2I
KR4301S84178,301S8417,코스피200 P 202208 417.5,-,0,-,-,-,-,32.00,108.50,0,0,0,OP,2022-07-11,KRDRVOPK2I
KR4301S84202,301S8420,코스피200 P 202208 420.0,-,0,-,-,-,-,32.00,111.00,0,0,0,OP,2022-07-11,KRDRVOPK2I
KR4301S84228,301S8422,코스피200 P 202208 422.5,-,0,-,-,-,-,32.00,113.50,0,0,0,OP,2022-07-11,KRDRVOPK2I
KR4301S84251,301S8425,코스피200 P 202208 425.0,-,0,-,-,-,-,32.00,116.00,0,0,0,OP,2022-07-11,KRDRVOPK2I
KR4301S84277,301S8427,코스피200 P 202208 427.5,-,0,-,-,-,-,32.00,118.50,0,0,0,OP,2022-07-11,KRDRVOPK2I
KR4301S84301,301S8430,코스피200 P 202208 430.0,-,0,-,-,-,-,32.00,121.00,0,0,0,OP,2022-07-11,KRDRVOPK2I
KR4301S84327,301S8432,코스피200 P 202208 432.5,-,0,-,-,-,-,32.00,123.50,0,0,0,OP,2022-07-11,KRDRVOPK2I
KR4301S84350,301S8435,코스피200 P 202208 435.0,-,0,-,-,-,-,32.00,126.00,0,0,0,OP,2022-07-11,KRDRVOPK2I
KR4301S84376,301S8437,코스피200 P 202208 437.5,-,0,-,-,-,-,32.00,128.50,0,0,0,OP,2022-07-11,KRDRVOPK2I
KR4301S84400,301S8440,코스피200 P 202208 440.0,-,0,-,-,-,-,32.00,131.00,0,0,0,OP,2022-07-11,KRDRVOPK2I
KR4301S84426,301S8442,코스피200 P 202208 442.5,-,0,-,-,-,-,32.00,133.45,0,0,0,OP,2022-07-11,KRDRVOPK2I
KR4301S84459,301S8445,코스피200 P 202208 445.0,-,0,-,-,-,-,32.00,135.95,0,0,0,OP,2022-07-11,KRDRVOPK2I
KR4301S84475,301S8447,코스피200 P 202208 447.5,-,0,-,-,-,-,32.00,138.45,0,0,0,OP,2022-07-11,KRDRVOPK2I
KR4301S84509,301S8450,코스피200 P 202208 450.0,-,0,-,-,-,-,32.00,140.95,0,0,0,OP,2022-07-11,KRDRVOPK2I
KR4301S84525,301S8452,코스피200 P 202208 452.5,-,0,-,-,-,-,32.00,143.45,0,0,0,OP,2022-07-11,KRDRVOPK2I
KR4301S84558,301S8455,코스피200 P 202208 455.0,-,0,-,-,-,-,32.00,145.95,0,0,0,OP,2022-07-11,KRDRVOPK2I
KR4301S84574,301S8457,코스피200 P 202208 457.5,-,0,-,-,-,-,32.00,148.45,0,0,0,OP,2022-07-11,KRDRVOPK2I
KR4301S84608,301S8460,코스피200 P 202208 460.0,-,0,-,-,-,-,32.00,150.95,0,0,0,OP,2022-07-11,KRDRVOPK2I
KR4301S84624,301S8462,코스피200 P 202208 462.5,-,0,-,-,-,-,32.00,153.45,0,0,0,OP,2022-07-11,KRDRVOPK2I
KR4301S84657,301S8465,코스피200 P 202208 465.0,-,0,-,-,-,-,32.00,155.95,0,0,0,OP,2022-07-11,KRDRVOPK2I
KR4301S84673,301S8467,코스피200 P 202208 467.5,-,0,-,-,-,-,32.00,158.45,0,0,0,OP,2022-07-11,KRDRVOPK2I
KR4301S84707,301S8470,코스피200 P 202208 470.0,-,0,-,-,-,-,32.00,160.90,0,0,0,OP,2022-07-11,KRDRVOPK2I
KR4301S84723,301S8472,코스피200 P 202208 472.5,-,0,-,-,-,-,32.00,163.40,0,0,0,OP,2022-07-11,KRDRVOPK2I
KR4301S84756,301S8475,코스피200 P 202208 475.0,-,0,-,-,-,-,32.00,165.90,0,0,0,OP,2022-07-11,KRDRVOPK2I
KR4301S84772,301S8477,코스피200 P 202208 477.5,-,0,-,-,-,-,32.00,168.40,0,0,0,OP,2022-07-11,KRDRVOPK2I
KR4301S84806,301S8480,코스피200 P 202208 480.0,-,0,-,-,-,-,32.00,170.90,0,0,0,OP,2022-07-11,KRDRVOPK2I
KR4301S84822,301S8482,코스피200 P 202208 482.5,-,0,-,-,-,-,32.00,173.40,0,0,0,OP,2022-07-11,KRDRVOPK2I
KR4301S84855,301S8485,코스피200 P 202208 485.0,-,0,-,-,-,-,32.00,175.90,0,0,0,OP,2022-07-11,KRDRVOPK2I
KR4301S84871,301S8487,코스피200 P 202208 487.5,-,0,-,-,-,-,32.00,178.40,0,0,0,OP,2022-07-11,KRDRVOPK2I
KR4301S84905,301S8490,코스피200 P 202208 490.0,-,0,-,-,-,-,32.00,180.90,0,0,2,OP,2022-07-11,KRDRVOPK2I
KR4301S92205,301S9220,코스피200 P 202209 220.0,0.27,3,0.00,0.26,0.28,0.23,40.10,0.27,149,"9,377,500","5,269",OP,2022-07-11,KRDRVOPK2I
KR4301S92221,301S9222,코스피200 P 202209 222.5,-,0,-,-,-,-,39.35,0.27,0,0,288,OP,2022-07-11,KRDRVOPK2I
KR4301S92254,301S9225,코스피200 P 202209 225.0,0.30,1,0.01,0.28,0.30,0.28,38.60,0.30,46,"3,440,000",354,OP,2022-07-11,KRDRVOPK2I
KR4301S92270,301S9227,코스피200 P 202209 227.5,-,0,-,-,-,-,38.00,0.33,0,0,26,OP,2022-07-11,KRDRVOPK2I
KR4301S92304,301S9230,코스피200 P 202209 230.0,0.38,3,0.00,0.33,0.38,0.33,37.40,0.38,125,"11,127,500","9,563",OP,2022-07-11,KRDRVOPK2I
KR4301S92320,301S9232,코스피200 P 202209 232.5,0.40,1,0.02,0.36,0.41,0.35,36.80,0.40,20,"1,962,500",40,OP,2022-07-11,KRDRVOPK2I
KR4301S92353,301S9235,코스피200 P 202209 235.0,0.42,2,-0.02,0.42,0.44,0.41,36.10,0.42,29,"3,065,000",513,OP,2022-07-11,KRDRVOPK2I
KR4301S92379,301S9237,코스피200 P 202209 237.5,0.47,1,0.02,0.43,0.49,0.42,35.60,0.47,46,"5,147,500",95,OP,2022-07-11,KRDRVOPK2I
KR4301S92403,301S9240,코스피200 P 202209 240.0,0.55,1,0.07,0.51,0.55,0.51,34.90,0.55,13,"1,707,500","14,493",OP,2022-07-11,KRDRVOPK2I
KR4301S92429,301S9242,코스피200 P 202209 242.5,0.50,2,-0.08,0.55,0.56,0.50,34.30,0.50,3,"402,500",131,OP,2022-07-11,KRDRVOPK2I
KR4301S92452,301S9245,코스피200 P 202209 245.0,0.65,1,0.04,0.54,0.65,0.54,33.50,0.65,26,"3,970,000",589,OP,2022-07-11,KRDRVOPK2I
KR4301S92478,301S9247,코스피200 P 202209 247.5,0.67,1,0.01,0.63,0.67,0.60,32.80,0.67,8,"1,260,000",39,OP,2022-07-11,KRDRVOPK2I
KR4301S92502,301S9250,코스피200 P 202209 250.0,0.77,1,0.01,0.67,0.79,0.65,32.40,0.77,333,"62,100,000","3,603",OP,2022-07-11,KRDRVOPK2I
KR4301S92528,301S9252,코스피200 P 202209 252.5,0.88,1,0.10,0.76,0.88,0.74,31.90,0.88,7,"1,360,000",40,OP,2022-07-11,KRDRVOPK2I
KR4301S92551,301S9255,코스피200 P 202209 255.0,0.91,2,-0.02,0.91,0.96,0.86,31.30,0.91,110,"25,690,000","1,310",OP,2022-07-11,KRDRVOPK2I
KR4301S92577,301S9257,코스피200 P 202209 257.5,1.05,1,0.07,0.94,1.05,0.91,30.60,1.05,14,"3,555,000",34,OP,2022-07-11,KRDRVOPK2I
KR4301S92601,301S9260,코스피200 P 202209 260.0,1.20,1,0.03,1.12,1.20,0.99,30.10,1.20,231,"63,927,500","2,769",OP,2022-07-11,KRDRVOPK2I
KR4301S92627,301S9262,코스피200 P 202209 262.5,1.36,1,0.07,1.17,1.36,1.14,29.80,1.36,32,"9,630,000",96,OP,2022-07-11,KRDRVOPK2I
KR4301S92650,301S9265,코스피200 P 202209 265.0,1.45,1,0.04,1.41,1.50,1.22,29.10,1.45,143,"48,067,500",522,OP,2022-07-11,KRDRVOPK2I
KR4301S92676,301S9267,코스피200 P 202209 267.5,1.64,1,0.08,1.61,1.64,1.55,28.40,1.64,12,"4,725,000",77,OP,2022-07-11,KRDRVOPK2I
KR4301S92700,301S9270,코스피200 P 202209 270.0,1.83,1,0.05,1.72,1.84,1.55,27.90,1.83,201,"86,102,500","1,174",OP,2022-07-11,KRDRVOPK2I
KR4301S92726,301S9272,코스피200 P 202209 272.5,1.97,1,0.03,1.71,2.03,1.71,27.40,1.97,17,"8,332,500",31,OP,2022-07-11,KRDRVOPK2I
KR4301S92759,301S9275,코스피200 P 202209 275.0,2.18,1,0.03,2.13,2.30,1.92,27.10,2.18,128,"67,495,000","2,893",OP,2022-07-11,KRDRVOPK2I
KR4301S92775,301S9277,코스피200 P 202209 277.5,2.53,1,0.21,2.20,2.56,2.15,26.50,2.53,33,"18,982,500",54,OP,2022-07-11,KRDRVOPK2I
KR4301S92809,301S9280,코스피200 P 202209 280.0,2.83,1,0.03,2.76,2.88,2.39,25.90,2.83,126,"82,950,000","12,825",OP,2022-07-11,KRDRVOPK2I
KR4301S92825,301S9282,코스피200 P 202209 282.5,3.18,1,0.28,2.99,3.22,2.99,25.40,3.18,25,"19,367,500",87,OP,2022-07-11,KRDRVOPK2I
KR4301S92858,301S9285,코스피200 P 202209 285.0,3.59,1,0.39,3.20,3.65,2.98,25.10,3.59,168,"141,485,000","3,838",OP,2022-07-11,KRDRVOPK2I
KR4301S92874,301S9287,코스피200 P 202209 287.5,4.08,1,0.39,3.57,4.08,3.50,24.90,4.08,35,"32,695,000",96,OP,2022-07-11,KRDRVOPK2I
KR4301S92908,301S9290,코스피200 P 202209 290.0,4.55,1,0.21,3.90,4.55,3.79,24.40,4.55,25,"24,990,000","2,115",OP,2022-07-11,KRDRVOPK2I
KR4301S92924,301S9292,코스피200 P 202209 292.5,4.83,1,0.49,4.74,4.83,4.30,23.60,4.83,29,"32,985,000",65,OP,2022-07-11,KRDRVOPK2I
KR4301S92957,301S9295,코스피200 P 202209 295.0,5.48,1,0.06,4.98,5.48,4.75,23.50,5.48,530,"725,620,000","1,772",OP,2022-07-11,KRDRVOPK2I
KR4301S92973,301S9297,코스피200 P 202209 297.5,5.55,2,-0.06,5.55,5.55,5.55,23.30,5.55,1,"1,387,500",21,OP,2022-07-11,KRDRVOPK2I
KR4301S93005,301S9300,코스피200 P 202209 300.0,6.99,1,0.24,6.94,6.99,6.94,22.80,6.99,4,"6,977,500","11,554",OP,2022-07-11,KRDRVOPK2I
KR4301S93021,301S9302,코스피200 P 202209 302.5,7.58,1,0.83,7.49,7.60,7.49,22.10,7.58,12,"22,755,000",39,OP,2022-07-11,KRDRVOPK2I
KR4301S93054,301S9305,코스피200 P 202209 305.0,8.74,1,0.56,8.43,8.74,8.43,22.30,8.74,8,"17,402,500","2,364",OP,2022-07-11,KRDRVOPK2I
KR4301S93070,301S9307,코스피200 P 202209 307.5,-,0,-,-,-,-,21.90,9.98,0,0,30,OP,2022-07-11,KRDRVOPK2I
KR4301S93104,301S9310,코스피200 P 202209 310.0,10.80,1,0.80,10.75,10.80,10.75,21.50,10.80,2,"5,387,500","6,852",OP,2022-07-11,KRDRVOPK2I
KR4301S93120,301S9312,코스피200 P 202209 312.5,10.40,2,-0.30,10.40,10.40,10.40,20.30,10.40,1,"2,600,000",16,OP,2022-07-11,KRDRVOPK2I
KR4301S93153,301S9315,코스피200 P 202209 315.0,13.10,1,0.90,13.10,13.10,13.10,20.80,13.10,1,"3,275,000","2,489",OP,2022-07-11,KRDRVOPK2I
KR4301S93179,301S9317,코스피200 P 202209 317.5,-,0,-,-,-,-,20.65,14.95,0,0,8,OP,2022-07-11,KRDRVOPK2I
KR4301S93203,301S9320,코스피200 P 202209 320.0,15.80,1,0.30,15.50,15.80,14.60,20.50,15.80,9,"34,825,000","10,233",OP,2022-07-11,KRDRVOPK2I
KR4301S93229,301S9322,코스피200 P 202209 322.5,-,0,-,-,-,-,20.50,18.30,0,0,14,OP,2022-07-11,KRDRVOPK2I
KR4301S93252,301S9325,코스피200 P 202209 325.0,20.00,1,2.50,19.00,20.00,19.00,20.50,20.00,6,"29,125,000","3,175",OP,2022-07-11,KRDRVOPK2I
KR4301S93278,301S9327,코스피200 P 202209 327.5,-,0,-,-,-,-,20.58,21.95,0,0,11,OP,2022-07-11,KRDRVOPK2I
KR4301S93302,301S9330,코스피200 P 202209 330.0,-,0,-,-,-,-,20.66,23.95,0,0,"7,964",OP,2022-07-11,KRDRVOPK2I
KR4301S93328,301S9332,코스피200 P 202209 332.5,-,0,-,-,-,-,20.75,26.00,0,0,200,OP,2022-07-11,KRDRVOPK2I
KR4301S93351,301S9335,코스피200 P 202209 335.0,-,0,-,-,-,-,20.83,28.05,0,0,"1,721",OP,2022-07-11,KRDRVOPK2I
KR4301S93377,301S9337,코스피200 P 202209 337.5,-,0,-,-,-,-,20.91,30.20,0,0,3,OP,2022-07-11,KRDRVOPK2I
KR4301S93401,301S9340,코스피200 P 202209 340.0,31.70,1,1.00,29.60,31.70,29.60,21.00,31.70,3,"22,725,000","4,704",OP,2022-07-11,KRDRVOPK2I
KR4301S93427,301S9342,코스피200 P 202209 342.5,-,0,-,-,-,-,21.00,34.60,0,0,0,OP,2022-07-11,KRDRVOPK2I
KR4301S93450,301S9345,코스피200 P 202209 345.0,35.85,1,0.60,35.80,35.85,35.80,21.00,35.85,2,"17,912,500","3,676",OP,2022-07-11,KRDRVOPK2I
KR4301S93476,301S9347,코스피200 P 202209 347.5,-,0,-,-,-,-,21.36,39.20,0,0,0,OP,2022-07-11,KRDRVOPK2I
KR4301S93500,301S9350,코스피200 P 202209 350.0,-,0,-,-,-,-,21.73,41.60,0,0,"8,397",OP,2022-07-11,KRDRVOPK2I
KR4301S93526,301S9352,코스피200 P 202209 352.5,-,0,-,-,-,-,22.10,44.00,0,0,0,OP,2022-07-11,KRDRVOPK2I
KR4301S93559,301S9355,코스피200 P 202209 355.0,-,0,-,-,-,-,22.46,46.35,0,0,719,OP,2022-07-11,KRDRVOPK2I
KR4301S93575,301S9357,코스피200 P 202209 357.5,-,0,-,-,-,-,22.83,48.80,0,0,0,OP,2022-07-11,KRDRVOPK2I
KR4301S93609,301S9360,코스피200 P 202209 360.0,-,0,-,-,-,-,23.20,51.20,0,0,"6,349",OP,2022-07-11,KRDRVOPK2I
KR4301S93625,301S9362,코스피200 P 202209 362.5,-,0,-,-,-,-,23.56,53.65,0,0,0,OP,2022-07-11,KRDRVOPK2I
KR4301S93658,301S9365,코스피200 P 202209 365.0,-,0,-,-,-,-,23.93,56.10,0,0,"1,227",OP,2022-07-11,KRDRVOPK2I
KR4301S93674,301S9367,코스피200 P 202209 367.5,-,0,-,-,-,-,24.30,58.55,0,0,0,OP,2022-07-11,KRDRVOPK2I
KR4301S93708,301S9370,코스피200 P 202209 370.0,-,0,-,-,-,-,24.66,60.95,0,0,"4,702",OP,2022-07-11,KRDRVOPK2I
KR4301S93724,301S9372,코스피200 P 202209 372.5,-,0,-,-,-,-,25.03,63.40,0,0,0,OP,2022-07-11,KRDRVOPK2I
KR4301S93757,301S9375,코스피200 P 202209 375.0,-,0,-,-,-,-,25.40,65.90,0,0,251,OP,2022-07-11,KRDRVOPK2I
KR4301S93773,301S9377,코스피200 P 202209 377.5,-,0,-,-,-,-,25.76,68.35,0,0,0,OP,2022-07-11,KRDRVOPK2I
KR4301S93807,301S9380,코스피200 P 202209 380.0,-,0,-,-,-,-,26.13,70.80,0,0,"1,127",OP,2022-07-11,KRDRVOPK2I
KR4301S93823,301S9382,코스피200 P 202209 382.5,-,0,-,-,-,-,26.50,73.30,0,0,0,OP,2022-07-11,KRDRVOPK2I
KR4301S93856,301S9385,코스피200 P 202209 385.0,-,0,-,-,-,-,26.86,75.75,0,0,"3,106",OP,2022-07-11,KRDRVOPK2I
KR4301S93872,301S9387,코스피200 P 202209 387.5,-,0,-,-,-,-,27.23,78.20,0,0,0,OP,2022-07-11,KRDRVOPK2I
KR4301S93906,301S9390,코스피200 P 202209 390.0,-,0,-,-,-,-,27.60,80.70,0,0,"4,393",OP,2022-07-11,KRDRVOPK2I
KR4301S93922,301S9392,코스피200 P 202209 392.5,-,0,-,-,-,-,27.96,83.15,0,0,0,OP,2022-07-11,KRDRVOPK2I
KR4301S93955,301S9395,코스피200 P 202209 395.0,-,0,-,-,-,-,28.33,85.65,0,0,4,OP,2022-07-11,KRDRVOPK2I
KR4301S93971,301S9397,코스피200 P 202209 397.5,-,0,-,-,-,-,28.70,88.15,0,0,0,OP,2022-07-11,KRDRVOPK2I
KR4301S94003,301S9400,코스피200 P 202209 400.0,-,0,-,-,-,-,29.06,90.60,0,0,"2,204",OP,2022-07-11,KRDRVOPK2I
KR4301S94029,301S9402,코스피200 P 202209 402.5,-,0,-,-,-,-,29.43,93.10,0,0,0,OP,2022-07-11,KRDRVOPK2I
KR4301S94052,301S9405,코스피200 P 202209 405.0,-,0,-,-,-,-,29.80,95.55,0,0,1,OP,2022-07-11,KRDRVOPK2I
KR4301S94078,301S9407,코스피200 P 202209 407.5,-,0,-,-,-,-,30.16,98.05,0,0,0,OP,2022-07-11,KRDRVOPK2I
KR4301S94102,301S9410,코스피200 P 202209 410.0,-,0,-,-,-,-,30.53,100.55,0,0,0,OP,2022-07-11,KRDRVOPK2I
KR4301S94128,301S9412,코스피200 P 202209 412.5,-,0,-,-,-,-,30.90,103.00,0,0,0,OP,2022-07-11,KRDRVOPK2I
KR4301S94151,301S9415,코스피200 P 202209 415.0,-,0,-,-,-,-,31.26,105.50,0,0,3,OP,2022-07-11,KRDRVOPK2I
KR4301S94177,301S9417,코스피200 P 202209 417.5,-,0,-,-,-,-,31.63,108.00,0,0,0,OP,2022-07-11,KRDRVOPK2I
KR4301S94201,301S9420,코스피200 P 202209 420.0,108.20,1,0.80,108.20,108.20,108.20,32.00,108.20,1,"27,050,000","2,117",OP,2022-07-11,KRDRVOPK2I
KR4301S94227,301S9422,코스피200 P 202209 422.5,-,0,-,-,-,-,32.00,112.95,0,0,0,OP,2022-07-11,KRDRVOPK2I
KR4301S94250,301S9425,코스피200 P 202209 425.0,-,0,-,-,-,-,32.00,115.45,0,0,0,OP,2022-07-11,KRDRVOPK2I
KR4301S94276,301S9427,코스피200 P 202209 427.5,-,0,-,-,-,-,32.00,117.90,0,0,0,OP,2022-07-11,KRDRVOPK2I
KR4301S94300,301S9430,코스피200 P 202209 430.0,-,0,-,-,-,-,32.00,120.40,0,0,0,OP,2022-07-11,KRDRVOPK2I
KR4301S94326,301S9432,코스피200 P 202209 432.5,-,0,-,-,-,-,32.00,122.85,0,0,0,OP,2022-07-11,KRDRVOPK2I
KR4301S94359,301S9435,코스피200 P 202209 435.0,-,0,-,-,-,-,32.00,125.35,0,0,0,OP,2022-07-11,KRDRVOPK2I
KR4301S94375,301S9437,코스피200 P 202209 437.5,-,0,-,-,-,-,32.00,127.85,0,0,0,OP,2022-07-11,KRDRVOPK2I
KR4301S94409,301S9440,코스피200 P 202209 440.0,-,0,-,-,-,-,32.00,130.30,0,0,2,OP,2022-07-11,KRDRVOPK2I
KR4301S94425,301S9442,코스피200 P 202209 442.5,-,0,-,-,-,-,32.00,132.80,0,0,0,OP,2022-07-11,KRDRVOPK2I
KR4301S94458,301S9445,코스피200 P 202209 445.0,-,0,-,-,-,-,32.00,135.30,0,0,3,OP,2022-07-11,KRDRVOPK2I
KR4301S94474,301S9447,코스피200 P 202209 447.5,-,0,-,-,-,-,32.00,137.80,0,0,0,OP,2022-07-11,KRDRVOPK2I
KR4301S94508,301S9450,코스피200 P 202209 450.0,-,0,-,-,-,-,32.00,140.25,0,0,3,OP,2022-07-11,KRDRVOPK2I
KR4301S94524,301S9452,코스피200 P 202209 452.5,-,0,-,-,-,-,32.00,142.75,0,0,0,OP,2022-07-11,KRDRVOPK2I
KR4301S94557,301S9455,코스피200 P 202209 455.0,-,0,-,-,-,-,32.00,145.25,0,0,0,OP,2022-07-11,KRDRVOPK2I
KR4301S94573,301S9457,코스피200 P 202209 457.5,-,0,-,-,-,-,32.00,147.75,0,0,0,OP,2022-07-11,KRDRVOPK2I
KR4301S94607,301S9460,코스피200 P 202209 460.0,-,0,-,-,-,-,32.00,150.25,0,0,0,OP,2022-07-11,KRDRVOPK2I
KR4301S94623,301S9462,코스피200 P 202209 462.5,-,0,-,-,-,-,32.00,152.70,0,0,0,OP,2022-07-11,KRDRVOPK2I
KR4301S94656,301S9465,코스피200 P 202209 465.0,-,0,-,-,-,-,32.00,155.20,0,0,0,OP,2022-07-11,KRDRVOPK2I
KR4301S94672,301S9467,코스피200 P 202209 467.5,-,0,-,-,-,-,32.00,157.70,0,0,0,OP,2022-07-11,KRDRVOPK2I
KR4301S94706,301S9470,코스피200 P 202209 470.0,-,0,-,-,-,-,32.00,160.20,0,0,1,OP,2022-07-11,KRDRVOPK2I
KR4301S94722,301S9472,코스피200 P 202209 472.5,-,0,-,-,-,-,32.00,162.70,0,0,0,OP,2022-07-11,KRDRVOPK2I
KR4301S94755,301S9475,코스피200 P 202209 475.0,-,0,-,-,-,-,32.00,165.15,0,0,0,OP,2022-07-11,KRDRVOPK2I
KR4301S94771,301S9477,코스피200 P 202209 477.5,-,0,-,-,-,-,32.00,167.65,0,0,0,OP,2022-07-11,KRDRVOPK2I
KR4301S94805,301S9480,코스피200 P 202209 480.0,-,0,-,-,-,-,32.00,170.15,0,0,0,OP,2022-07-11,KRDRVOPK2I
KR4301S94821,301S9482,코스피200 P 202209 482.5,-,0,-,-,-,-,32.00,172.65,0,0,0,OP,2022-07-11,KRDRVOPK2I
KR4301S94854,301S9485,코스피200 P 202209 485.0,-,0,-,-,-,-,32.00,175.15,0,0,0,OP,2022-07-11,KRDRVOPK2I
KR4301S94870,301S9487,코스피200 P 202209 487.5,-,0,-,-,-,-,32.00,177.65,0,0,0,OP,2022-07-11,KRDRVOPK2I
KR4301S94904,301S9490,코스피200 P 202209 490.0,-,0,-,-,-,-,32.00,180.10,0,0,0,OP,2022-07-11,KRDRVOPK2I
KR4301S94920,301S9492,코스피200 P 202209 492.5,-,0,-,-,-,-,32.00,182.60,0,0,0,OP,2022-07-11,KRDRVOPK2I
KR4301S94953,301S9495,코스피200 P 202209 495.0,-,0,-,-,-,-,32.00,185.10,0,0,0,OP,2022-07-11,KRDRVOPK2I
KR4301S94979,301S9497,코스피200 P 202209 497.5,-,0,-,-,-,-,32.00,187.60,0,0,0,OP,2022-07-11,KRDRVOPK2I
KR4301S95000,301S9500,코스피200 P 202209 500.0,-,0,-,-,-,-,32.00,190.10,0,0,0,OP,2022-07-11,KRDRVOPK2I
KR4301S95026,301S9502,코스피200 P 202209 502.5,-,0,-,-,-,-,32.00,192.60,0,0,0,OP,2022-07-11,KRDRVOPK2I
KR4301S95059,301S9505,코스피200 P 202209 505.0,-,0,-,-,-,-,32.00,195.05,0,0,0,OP,2022-07-11,KRDRVOPK2I
KR4301S95075,301S9507,코스피200 P 202209 507.5,-,0,-,-,-,-,32.00,197.55,0,0,0,OP,2022-07-11,KRDRVOPK2I
KR4301S95109,301S9510,코스피200 P 202209 510.0,-,0,-,-,-,-,32.00,200.05,0,0,0,OP,2022-07-11,KRDRVOPK2I
KR4301S95125,301S9512,코스피200 P 202209 512.5,-,0,-,-,-,-,32.00,202.55,0,0,0,OP,2022-07-11,KRDRVOPK2I
KR4301S95158,301S9515,코스피200 P 202209 515.0,-,0,-,-,-,-,32.00,205.05,0,0,0,OP,2022-07-11,KRDRVOPK2I
KR4301S95174,301S9517,코스피200 P 202209 517.5,-,0,-,-,-,-,32.00,207.55,0,0,0,OP,2022-07-11,KRDRVOPK2I
KR4301S95208,301S9520,코스피200 P 202209 520.0,-,0,-,-,-,-,32.00,210.00,0,0,736,OP,2022-07-11,KRDRVOPK2I
KR4301SA1809,301SA180,코스피200 P 202210 180.0,0.20,3,0.00,0.20,0.20,0.20,46.30,0.20,1,"50,000",52,OP,2022-07-11,KRDRVOPK2I
KR4301SA1858,301SA185,코스피200 P 202210 185.0,0.21,2,-0.01,0.21,0.21,0.21,44.70,0.21,23,"1,207,500",285,OP,2022-07-11,KRDRVOPK2I
KR4301SA1908,301SA190,코스피200 P 202210 190.0,0.25,3,0.00,0.26,0.28,0.24,43.90,0.25,20,"1,267,500",236,OP,2022-07-11,KRDRVOPK2I
KR4301SA1957,301SA195,코스피200 P 202210 195.0,-,0,-,-,-,-,42.55,0.29,0,0,48,OP,2022-07-11,KRDRVOPK2I
KR4301SA2005,301SA200,코스피200 P 202210 200.0,0.34,3,0.00,0.33,0.35,0.33,41.20,0.34,11,"925,000",694,OP,2022-07-11,KRDRVOPK2I
KR4301SA2054,301SA205,코스피200 P 202210 205.0,-,0,-,-,-,-,39.97,0.40,0,0,119,OP,2022-07-11,KRDRVOPK2I
KR4301SA2104,301SA210,코스피200 P 202210 210.0,-,0,-,-,-,-,38.74,0.45,0,0,227,OP,2022-07-11,KRDRVOPK2I
KR4301SA2153,301SA215,코스피200 P 202210 215.0,-,0,-,-,-,-,37.52,0.50,0,0,97,OP,2022-07-11,KRDRVOPK2I
KR4301SA2203,301SA220,코스피200 P 202210 220.0,0.61,1,0.03,0.56,0.61,0.53,36.30,0.61,15,"2,082,500",508,OP,2022-07-11,KRDRVOPK2I
KR4301SA2252,301SA225,코스피200 P 202210 225.0,0.68,1,0.03,0.62,0.68,0.62,35.10,0.68,13,"2,182,500",113,OP,2022-07-11,KRDRVOPK2I
KR4301SA2302,301SA230,코스피200 P 202210 230.0,-,0,-,-,-,-,34.03,0.81,0,0,192,OP,2022-07-11,KRDRVOPK2I
KR4301SA2351,301SA235,코스피200 P 202210 235.0,-,0,-,-,-,-,32.96,0.92,0,0,188,OP,2022-07-11,KRDRVOPK2I
KR4301SA2401,301SA240,코스피200 P 202210 240.0,1.07,1,0.02,1.02,1.07,0.98,31.90,1.07,24,"6,352,500",177,OP,2022-07-11,KRDRVOPK2I
KR4301SA2450,301SA245,코스피200 P 202210 245.0,-,0,-,-,-,-,30.94,1.32,0,0,94,OP,2022-07-11,KRDRVOPK2I
KR4301SA2500,301SA250,코스피200 P 202210 250.0,-,0,-,-,-,-,29.98,1.55,0,0,403,OP,2022-07-11,KRDRVOPK2I
KR4301SA2559,301SA255,코스피200 P 202210 255.0,-,0,-,-,-,-,29.02,1.80,0,0,124,OP,2022-07-11,KRDRVOPK2I
KR4301SA2609,301SA260,코스피200 P 202210 260.0,-,0,-,-,-,-,28.06,2.19,0,0,549,OP,2022-07-11,KRDRVOPK2I
KR4301SA2658,301SA265,코스피200 P 202210 265.0,2.55,1,0.15,2.40,2.65,2.40,27.10,2.55,31,"19,725,000",203,OP,2022-07-11,KRDRVOPK2I
KR4301SA2708,301SA270,코스피200 P 202210 270.0,2.92,1,0.02,2.90,2.92,2.90,26.60,2.92,2,"1,455,000",701,OP,2022-07-11,KRDRVOPK2I
KR4301SA2757,301SA275,코스피200 P 202210 275.0,-,0,-,-,-,-,25.75,3.87,0,0,349,OP,2022-07-11,KRDRVOPK2I
KR4301SA2807,301SA280,코스피200 P 202210 280.0,4.39,1,0.36,3.95,4.39,3.95,24.90,4.39,41,"41,350,000",552,OP,2022-07-11,KRDRVOPK2I
KR4301SA2856,301SA285,코스피200 P 202210 285.0,4.70,2,-0.10,4.75,4.80,4.70,24.10,4.70,54,"64,272,500",162,OP,2022-07-11,KRDRVOPK2I
KR4301SA2906,301SA290,코스피200 P 202210 290.0,6.52,1,0.43,5.70,6.52,5.70,23.40,6.52,63,"98,445,000",331,OP,2022-07-11,KRDRVOPK2I
KR4301SA2955,301SA295,코스피200 P 202210 295.0,-,0,-,-,-,-,22.76,7.94,0,0,7,OP,2022-07-11,KRDRVOPK2I
KR4301SA3003,301SA300,코스피200 P 202210 300.0,-,0,-,-,-,-,22.13,9.52,0,0,765,OP,2022-07-11,KRDRVOPK2I
KR4301SA3052,301SA305,코스피200 P 202210 305.0,11.00,1,1.00,10.00,11.00,10.00,21.50,11.00,8,"20,337,500",27,OP,2022-07-11,KRDRVOPK2I
KR4301SA3102,301SA310,코스피200 P 202210 310.0,-,0,-,-,-,-,21.50,13.85,0,0,409,OP,2022-07-11,KRDRVOPK2I
KR4301SA3151,301SA315,코스피200 P 202210 315.0,-,0,-,-,-,-,21.50,16.65,0,0,210,OP,2022-07-11,KRDRVOPK2I
KR4301SA3201,301SA320,코스피200 P 202210 320.0,-,0,-,-,-,-,21.50,19.70,0,0,903,OP,2022-07-11,KRDRVOPK2I
KR4301SA3250,301SA325,코스피200 P 202210 325.0,-,0,-,-,-,-,21.50,23.00,0,0,402,OP,2022-07-11,KRDRVOPK2I
KR4301SA3300,301SA330,코스피200 P 202210 330.0,-,0,-,-,-,-,21.50,26.60,0,0,"1,109",OP,2022-07-11,KRDRVOPK2I
KR4301SA3359,301SA335,코스피200 P 202210 335.0,-,0,-,-,-,-,21.50,30.40,0,0,4,OP,2022-07-11,KRDRVOPK2I
KR4301SA3409,301SA340,코스피200 P 202210 340.0,-,0,-,-,-,-,21.50,34.40,0,0,300,OP,2022-07-11,KRDRVOPK2I
KR4301SA3458,301SA345,코스피200 P 202210 345.0,-,0,-,-,-,-,21.50,38.55,0,0,0,OP,2022-07-11,KRDRVOPK2I
KR4301SA3508,301SA350,코스피200 P 202210 350.0,-,0,-,-,-,-,21.50,42.90,0,0,500,OP,2022-07-11,KRDRVOPK2I
KR4301SA3557,301SA355,코스피200 P 202210 355.0,-,0,-,-,-,-,21.50,47.30,0,0,0,OP,2022-07-11,KRDRVOPK2I
KR4301SA3607,301SA360,코스피200 P 202210 360.0,-,0,-,-,-,-,21.50,51.90,0,0,0,OP,2022-07-11,KRDRVOPK2I
KR4301SA3656,301SA365,코스피200 P 202210 365.0,-,0,-,-,-,-,21.50,56.50,0,0,0,OP,2022-07-11,KRDRVOPK2I
KR4301SA3706,301SA370,코스피200 P 202210 370.0,-,0,-,-,-,-,21.50,61.25,0,0,0,OP,2022-07-11,KRDRVOPK2I
KR4301SA3755,301SA375,코스피200 P 202210 375.0,-,0,-,-,-,-,21.50,66.00,0,0,0,OP,2022-07-11,KRDRVOPK2I
KR4301SA3805,301SA380,코스피200 P 202210 380.0,-,0,-,-,-,-,21.50,70.85,0,0,0,OP,2022-07-11,KRDRVOPK2I
KR4301SA3854,301SA385,코스피200 P 202210 385.0,-,0,-,-,-,-,21.50,75.70,0,0,0,OP,2022-07-11,KRDRVOPK2I
KR4301SA3904,301SA390,코스피200 P 202210 390.0,-,0,-,-,-,-,21.50,80.60,0,0,0,OP,2022-07-11,KRDRVOPK2I
KR4301SA3953,301SA395,코스피200 P 202210 395.0,-,0,-,-,-,-,21.50,85.50,0,0,0,OP,2022-07-11,KRDRVOPK2I
KR4301SA4001,301SA400,코스피200 P 202210 400.0,-,0,-,-,-,-,21.50,90.45,0,0,0,OP,2022-07-11,KRDRVOPK2I
KR4301SA4050,301SA405,코스피200 P 202210 405.0,-,0,-,-,-,-,21.50,95.40,0,0,0,OP,2022-07-11,KRDRVOPK2I
KR4301SA4100,301SA410,코스피200 P 202210 410.0,-,0,-,-,-,-,21.50,100.35,0,0,0,OP,2022-07-11,KRDRVOPK2I
KR4301SA4159,301SA415,코스피200 P 202210 415.0,-,0,-,-,-,-,21.50,105.30,0,0,0,OP,2022-07-11,KRDRVOPK2I
KR4301SA4209,301SA420,코스피200 P 202210 420.0,-,0,-,-,-,-,21.50,110.25,0,0,0,OP,2022-07-11,KRDRVOPK2I
KR4301SA4258,301SA425,코스피200 P 202210 425.0,-,0,-,-,-,-,21.50,115.20,0,0,0,OP,2022-07-11,KRDRVOPK2I
KR4301SA4308,301SA430,코스피200 P 202210 430.0,-,0,-,-,-,-,21.50,120.20,0,0,0,OP,2022-07-11,KRDRVOPK2I
KR4301SA4357,301SA435,코스피200 P 202210 435.0,-,0,-,-,-,-,21.50,125.15,0,0,0,OP,2022-07-11,KRDRVOPK2I
KR4301SA4407,301SA440,코스피200 P 202210 440.0,-,0,-,-,-,-,21.50,130.15,0,0,0,OP,2022-07-11,KRDRVOPK2I
KR4301SA4456,301SA445,코스피200 P 202210 445.0,-,0,-,-,-,-,21.50,135.10,0,0,0,OP,2022-07-11,KRDRVOPK2I
KR4301SA4506,301SA450,코스피200 P 202210 450.0,-,0,-,-,-,-,21.50,140.10,0,0,0,OP,2022-07-11,KRDRVOPK2I
KR4301SA4555,301SA455,코스피200 P 202210 455.0,-,0,-,-,-,-,21.50,145.05,0,0,0,OP,2022-07-11,KRDRVOPK2I
KR4301SA4605,301SA460,코스피200 P 202210 460.0,-,0,-,-,-,-,21.50,150.00,0,0,0,OP,2022-07-11,KRDRVOPK2I
KR4301SA4654,301SA465,코스피200 P 202210 465.0,-,0,-,-,-,-,21.50,155.00,0,0,0,OP,2022-07-11,KRDRVOPK2I
KR4301SA4704,301SA470,코스피200 P 202210 470.0,-,0,-,-,-,-,21.50,159.95,0,0,0,OP,2022-07-11,KRDRVOPK2I
KR4301SA4753,301SA475,코스피200 P 202210 475.0,-,0,-,-,-,-,21.50,164.95,0,0,0,OP,2022-07-11,KRDRVOPK2I
KR4301SA4803,301SA480,코스피200 P 202210 480.0,-,0,-,-,-,-,21.50,169.90,0,0,1,OP,2022-07-11,KRDRVOPK2I
KR4301SB1808,301SB180,코스피200 P 202211 180.0,-,0,-,-,-,-,43.00,0.27,0,0,15,OP,2022-07-11,KRDRVOPK2I
KR4301SB1857,301SB185,코스피200 P 202211 185.0,0.40,3,0.00,0.40,0.40,0.40,43.00,0.40,4,"400,000",368,OP,2022-07-11,KRDRVOPK2I
KR4301SB1907,301SB190,코스피200 P 202211 190.0,0.43,3,0.00,0.42,0.43,0.42,41.70,0.43,3,"320,000",79,OP,2022-07-11,KRDRVOPK2I
KR4301SB1956,301SB195,코스피200 P 202211 195.0,-,0,-,-,-,-,40.49,0.50,0,0,7,OP,2022-07-11,KRDRVOPK2I
KR4301SB2004,301SB200,코스피200 P 202211 200.0,-,0,-,-,-,-,39.30,0.56,0,0,26,OP,2022-07-11,KRDRVOPK2I
KR4301SB2053,301SB205,코스피200 P 202211 205.0,-,0,-,-,-,-,38.10,0.62,0,0,1,OP,2022-07-11,KRDRVOPK2I
KR4301SB2103,301SB210,코스피200 P 202211 210.0,0.72,3,0.00,0.72,0.72,0.72,36.90,0.72,1,"180,000",19,OP,2022-07-11,KRDRVOPK2I
KR4301SB2152,301SB215,코스피200 P 202211 215.0,-,0,-,-,-,-,35.85,0.83,0,0,4,OP,2022-07-11,KRDRVOPK2I
KR4301SB2202,301SB220,코스피200 P 202211 220.0,0.93,1,0.04,0.90,0.93,0.90,34.80,0.93,49,"11,172,500",441,OP,2022-07-11,KRDRVOPK2I
KR4301SB2251,301SB225,코스피200 P 202211 225.0,-,0,-,-,-,-,33.87,1.07,0,0,18,OP,2022-07-11,KRDRVOPK2I
KR4301SB2301,301SB230,코스피200 P 202211 230.0,-,0,-,-,-,-,32.95,1.26,0,0,61,OP,2022-07-11,KRDRVOPK2I
KR4301SB2350,301SB235,코스피200 P 202211 235.0,-,0,-,-,-,-,32.02,1.49,0,0,5,OP,2022-07-11,KRDRVOPK2I
KR4301SB2400,301SB240,코스피200 P 202211 240.0,1.67,1,0.11,1.65,1.67,1.65,31.10,1.67,12,"4,955,000",70,OP,2022-07-11,KRDRVOPK2I
KR4301SB2459,301SB245,코스피200 P 202211 245.0,-,0,-,-,-,-,30.20,1.94,0,0,6,OP,2022-07-11,KRDRVOPK2I
KR4301SB2509,301SB250,코스피200 P 202211 250.0,2.28,1,0.15,2.28,2.28,2.28,29.30,2.28,2,"1,140,000",63,OP,2022-07-11,KRDRVOPK2I
KR4301SB2558,301SB255,코스피200 P 202211 255.0,2.72,1,0.25,2.53,2.72,2.43,28.40,2.72,3,"1,920,000",37,OP,2022-07-11,KRDRVOPK2I
KR4301SB2608,301SB260,코스피200 P 202211 260.0,-,0,-,-,-,-,27.63,3.10,0,0,42,OP,2022-07-11,KRDRVOPK2I
KR4301SB2657,301SB265,코스피200 P 202211 265.0,-,0,-,-,-,-,26.86,3.64,0,0,8,OP,2022-07-11,KRDRVOPK2I
KR4301SB2707,301SB270,코스피200 P 202211 270.0,-,0,-,-,-,-,26.09,4.32,0,0,44,OP,2022-07-11,KRDRVOPK2I
KR4301SB2756,301SB275,코스피200 P 202211 275.0,-,0,-,-,-,-,25.33,4.99,0,0,4,OP,2022-07-11,KRDRVOPK2I
KR4301SB2806,301SB280,코스피200 P 202211 280.0,-,0,-,-,-,-,24.56,5.84,0,0,58,OP,2022-07-11,KRDRVOPK2I
KR4301SB2855,301SB285,코스피200 P 202211 285.0,-,0,-,-,-,-,23.80,6.86,0,0,0,OP,2022-07-11,KRDRVOPK2I
KR4301SB2905,301SB290,코스피200 P 202211 290.0,-,0,-,-,-,-,23.03,7.86,0,0,29,OP,2022-07-11,KRDRVOPK2I
KR4301SB2954,301SB295,코스피200 P 202211 295.0,-,0,-,-,-,-,22.26,9.26,0,0,1,OP,2022-07-11,KRDRVOPK2I
KR4301SB3002,301SB300,코스피200 P 202211 300.0,10.80,2,-1.45,10.80,10.80,10.80,21.50,10.80,1,"2,700,000",489,OP,2022-07-11,KRDRVOPK2I
KR4301SB3051,301SB305,코스피200 P 202211 305.0,-,0,-,-,-,-,21.50,12.95,0,0,0,OP,2022-07-11,KRDRVOPK2I
KR4301SB3101,301SB310,코스피200 P 202211 310.0,-,0,-,-,-,-,21.50,15.45,0,0,19,OP,2022-07-11,KRDRVOPK2I
KR4301SB3150,301SB315,코스피200 P 202211 315.0,-,0,-,-,-,-,21.50,18.15,0,0,8,OP,2022-07-11,KRDRVOPK2I
KR4301SB3200,301SB320,코스피200 P 202211 320.0,-,0,-,-,-,-,21.50,21.25,0,0,500,OP,2022-07-11,KRDRVOPK2I
KR4301SB3259,301SB325,코스피200 P 202211 325.0,-,0,-,-,-,-,21.50,24.35,0,0,5,OP,2022-07-11,KRDRVOPK2I
KR4301SB3309,301SB330,코스피200 P 202211 330.0,-,0,-,-,-,-,21.50,27.90,0,0,0,OP,2022-07-11,KRDRVOPK2I
KR4301SB3358,301SB335,코스피200 P 202211 335.0,-,0,-,-,-,-,21.50,31.50,0,0,0,OP,2022-07-11,KRDRVOPK2I
KR4301SB3408,301SB340,코스피200 P 202211 340.0,-,0,-,-,-,-,21.50,35.40,0,0,0,OP,2022-07-11,KRDRVOPK2I
KR4301SB3457,301SB345,코스피200 P 202211 345.0,-,0,-,-,-,-,21.50,39.40,0,0,0,OP,2022-07-11,KRDRVOPK2I
KR4301SB3507,301SB350,코스피200 P 202211 350.0,-,0,-,-,-,-,21.50,43.50,0,0,0,OP,2022-07-11,KRDRVOPK2I
KR4301SB3556,301SB355,코스피200 P 202211 355.0,-,0,-,-,-,-,21.50,47.85,0,0,0,OP,2022-07-11,KRDRVOPK2I
KR4301SB3606,301SB360,코스피200 P 202211 360.0,-,0,-,-,-,-,21.50,52.20,0,0,0,OP,2022-07-11,KRDRVOPK2I
KR4301SB3655,301SB365,코스피200 P 202211 365.0,-,0,-,-,-,-,21.50,56.75,0,0,0,OP,2022-07-11,KRDRVOPK2I
KR4301SB3705,301SB370,코스피200 P 202211 370.0,-,0,-,-,-,-,21.50,61.35,0,0,0,OP,2022-07-11,KRDRVOPK2I
KR4301SB3754,301SB375,코스피200 P 202211 375.0,-,0,-,-,-,-,21.50,65.95,0,0,0,OP,2022-07-11,KRDRVOPK2I
KR4301SB3804,301SB380,코스피200 P 202211 380.0,-,0,-,-,-,-,21.50,70.75,0,0,0,OP,2022-07-11,KRDRVOPK2I
KR4301SB3853,301SB385,코스피200 P 202211 385.0,-,0,-,-,-,-,21.50,75.50,0,0,0,OP,2022-07-11,KRDRVOPK2I
KR4301SB3903,301SB390,코스피200 P 202211 390.0,-,0,-,-,-,-,21.50,80.30,0,0,0,OP,2022-07-11,KRDRVOPK2I
KR4301SB3952,301SB395,코스피200 P 202211 395.0,-,0,-,-,-,-,21.50,85.15,0,0,0,OP,2022-07-11,KRDRVOPK2I
KR4301SB4000,301SB400,코스피200 P 202211 400.0,-,0,-,-,-,-,21.50,90.00,0,0,0,OP,2022-07-11,KRDRVOPK2I
KR4301SB4059,301SB405,코스피200 P 202211 405.0,-,0,-,-,-,-,21.50,94.90,0,0,0,OP,2022-07-11,KRDRVOPK2I
KR4301SB4109,301SB410,코스피200 P 202211 410.0,-,0,-,-,-,-,21.50,99.80,0,0,0,OP,2022-07-11,KRDRVOPK2I
KR4301SB4158,301SB415,코스피200 P 202211 415.0,-,0,-,-,-,-,21.50,104.75,0,0,0,OP,2022-07-11,KRDRVOPK2I
KR4301SB4208,301SB420,코스피200 P 202211 420.0,-,0,-,-,-,-,21.50,109.65,0,0,0,OP,2022-07-11,KRDRVOPK2I
KR4301SB4257,301SB425,코스피200 P 202211 425.0,-,0,-,-,-,-,21.50,114.60,0,0,0,OP,2022-07-11,KRDRVOPK2I
KR4301SB4307,301SB430,코스피200 P 202211 430.0,-,0,-,-,-,-,21.50,119.55,0,0,0,OP,2022-07-11,KRDRVOPK2I
KR4301SB4356,301SB435,코스피200 P 202211 435.0,-,0,-,-,-,-,21.50,124.50,0,0,0,OP,2022-07-11,KRDRVOPK2I
KR4301SB4406,301SB440,코스피200 P 202211 440.0,-,0,-,-,-,-,21.50,129.45,0,0,0,OP,2022-07-11,KRDRVOPK2I
KR4301SB4455,301SB445,코스피200 P 202211 445.0,-,0,-,-,-,-,21.50,134.40,0,0,0,OP,2022-07-11,KRDRVOPK2I
KR4301SB4505,301SB450,코스피200 P 202211 450.0,-,0,-,-,-,-,21.50,139.40,0,0,0,OP,2022-07-11,KRDRVOPK2I
KR4301SB4554,301SB455,코스피200 P 202211 455.0,-,0,-,-,-,-,21.50,144.35,0,0,0,OP,2022-07-11,KRDRVOPK2I
KR4301SB4604,301SB460,코스피200 P 202211 460.0,-,0,-,-,-,-,21.50,149.30,0,0,0,OP,2022-07-11,KRDRVOPK2I
KR4301SB4653,301SB465,코스피200 P 202211 465.0,-,0,-,-,-,-,21.50,154.25,0,0,0,OP,2022-07-11,KRDRVOPK2I
KR4301SB4703,301SB470,코스피200 P 202211 470.0,-,0,-,-,-,-,21.50,159.25,0,0,0,OP,2022-07-11,KRDRVOPK2I
KR4301SB4752,301SB475,코스피200 P 202211 475.0,-,0,-,-,-,-,21.50,164.20,0,0,0,OP,2022-07-11,KRDRVOPK2I
KR4301SC1401,301SC140,코스피200 P 202212 140.0,0.21,3,0.00,0.20,0.21,0.20,52.80,0.21,30,"1,512,500","1,897",OP,2022-07-11,KRDRVOPK2I
KR4301SC1450,301SC145,코스피200 P 202212 145.0,-,0,-,-,-,-,51.60,0.25,0,0,38,OP,2022-07-11,KRDRVOPK2I
KR4301SC1500,301SC150,코스피200 P 202212 150.0,-,0,-,-,-,-,50.40,0.28,0,0,861,OP,2022-07-11,KRDRVOPK2I
KR4301SC1559,301SC155,코스피200 P 202212 155.0,-,0,-,-,-,-,49.20,0.31,0,0,8,OP,2022-07-11,KRDRVOPK2I
KR4301SC1609,301SC160,코스피200 P 202212 160.0,-,0,-,-,-,-,48.00,0.35,0,0,158,OP,2022-07-11,KRDRVOPK2I
KR4301SC1658,301SC165,코스피200 P 202212 165.0,-,0,-,-,-,-,46.80,0.41,0,0,3,OP,2022-07-11,KRDRVOPK2I
KR4301SC1708,301SC170,코스피200 P 202212 170.0,-,0,-,-,-,-,45.60,0.47,0,0,320,OP,2022-07-11,KRDRVOPK2I
KR4301SC1757,301SC175,코스피200 P 202212 175.0,-,0,-,-,-,-,44.40,0.53,0,0,138,OP,2022-07-11,KRDRVOPK2I
KR4301SC1807,301SC180,코스피200 P 202212 180.0,-,0,-,-,-,-,43.20,0.59,0,0,"2,383",OP,2022-07-11,KRDRVOPK2I
KR4301SC1856,301SC185,코스피200 P 202212 185.0,-,0,-,-,-,-,42.00,0.64,0,0,11,OP,2022-07-11,KRDRVOPK2I
KR4301SC1906,301SC190,코스피200 P 202212 190.0,0.70,3,0.00,0.70,0.72,0.70,40.80,0.70,11,"1,935,000",814,OP,2022-07-11,KRDRVOPK2I
KR4301SC1955,301SC195,코스피200 P 202212 195.0,-,0,-,-,-,-,39.60,0.81,0,0,172,OP,2022-07-11,KRDRVOPK2I
KR4301SC2003,301SC200,코스피200 P 202212 200.0,0.89,1,0.06,0.84,0.89,0.84,38.40,0.89,9,"1,990,000","3,952",OP,2022-07-11,KRDRVOPK2I
KR4301SC2052,301SC205,코스피200 P 202212 205.0,-,0,-,-,-,-,37.30,1.01,0,0,181,OP,2022-07-11,KRDRVOPK2I
KR4301SC2102,301SC210,코스피200 P 202212 210.0,1.09,1,0.06,1.06,1.09,1.06,36.20,1.09,107,"28,455,000","6,848",OP,2022-07-11,KRDRVOPK2I
KR4301SC2151,301SC215,코스피200 P 202212 215.0,1.22,1,0.06,1.21,1.22,1.21,35.60,1.22,8,"2,422,500",423,OP,2022-07-11,KRDRVOPK2I
KR4301SC2201,301SC220,코스피200 P 202212 220.0,1.42,1,0.05,1.54,1.54,1.42,34.90,1.42,2,"740,000","7,769",OP,2022-07-11,KRDRVOPK2I
KR4301SC2250,301SC225,코스피200 P 202212 225.0,-,0,-,-,-,-,33.73,1.73,0,0,142,OP,2022-07-11,KRDRVOPK2I
KR4301SC2300,301SC230,코스피200 P 202212 230.0,-,0,-,-,-,-,32.56,1.89,0,0,"4,340",OP,2022-07-11,KRDRVOPK2I
KR4301SC2359,301SC235,코스피200 P 202212 235.0,1.94,2,-0.06,1.94,1.94,1.94,31.40,1.94,8,"3,880,000",78,OP,2022-07-11,KRDRVOPK2I
KR4301SC2409,301SC240,코스피200 P 202212 240.0,2.15,1,0.02,2.15,2.15,2.15,30.60,2.15,2,"1,075,000","4,442",OP,2022-07-11,KRDRVOPK2I
KR4301SC2458,301SC245,코스피200 P 202212 245.0,-,0,-,-,-,-,29.60,2.67,0,0,76,OP,2022-07-11,KRDRVOPK2I
KR4301SC2508,301SC250,코스피200 P 202212 250.0,3.02,1,0.30,2.97,3.02,2.97,28.60,3.02,2,"1,497,500","10,220",OP,2022-07-11,KRDRVOPK2I
KR4301SC2557,301SC255,코스피200 P 202212 255.0,-,0,-,-,-,-,27.94,3.45,0,0,119,OP,2022-07-11,KRDRVOPK2I
KR4301SC2607,301SC260,코스피200 P 202212 260.0,3.88,1,0.07,3.88,3.88,3.88,27.30,3.88,1,"970,000","3,905",OP,2022-07-11,KRDRVOPK2I
KR4301SC2656,301SC265,코스피200 P 202212 265.0,-,0,-,-,-,-,26.45,4.64,0,0,224,OP,2022-07-11,KRDRVOPK2I
KR4301SC2706,301SC270,코스피200 P 202212 270.0,5.10,1,0.41,5.10,5.10,5.10,25.60,5.10,1,"1,275,000","9,426",OP,2022-07-11,KRDRVOPK2I
KR4301SC2755,301SC275,코스피200 P 202212 275.0,-,0,-,-,-,-,24.99,6.01,0,0,"3,427",OP,2022-07-11,KRDRVOPK2I
KR4301SC2805,301SC280,코스피200 P 202212 280.0,-,0,-,-,-,-,24.38,7.09,0,0,"11,466",OP,2022-07-11,KRDRVOPK2I
KR4301SC2854,301SC285,코스피200 P 202212 285.0,-,0,-,-,-,-,23.77,8.16,0,0,30,OP,2022-07-11,KRDRVOPK2I
KR4301SC2904,301SC290,코스피200 P 202212 290.0,-,0,-,-,-,-,23.16,9.37,0,0,"3,858",OP,2022-07-11,KRDRVOPK2I
KR4301SC2953,301SC295,코스피200 P 202212 295.0,-,0,-,-,-,-,22.55,10.90,0,0,148,OP,2022-07-11,KRDRVOPK2I
KR4301SC3001,301SC300,코스피200 P 202212 300.0,-,0,-,-,-,-,21.94,12.40,0,0,"10,002",OP,2022-07-11,KRDRVOPK2I
KR4301SC3050,301SC305,코스피200 P 202212 305.0,-,0,-,-,-,-,21.33,14.25,0,0,527,OP,2022-07-11,KRDRVOPK2I
KR4301SC3100,301SC310,코스피200 P 202212 310.0,-,0,-,-,-,-,20.72,16.25,0,0,"9,339",OP,2022-07-11,KRDRVOPK2I
KR4301SC3159,301SC315,코스피200 P 202212 315.0,-,0,-,-,-,-,20.11,18.45,0,0,534,OP,2022-07-11,KRDRVOPK2I
KR4301SC3209,301SC320,코스피200 P 202212 320.0,19.85,2,-0.10,19.85,19.85,19.85,19.50,19.85,2,"9,925,000","8,844",OP,2022-07-11,KRDRVOPK2I
KR4301SC3258,301SC325,코스피200 P 202212 325.0,-,0,-,-,-,-,19.81,24.30,0,0,59,OP,2022-07-11,KRDRVOPK2I
KR4301SC3308,301SC330,코스피200 P 202212 330.0,-,0,-,-,-,-,20.12,28.05,0,0,"7,296",OP,2022-07-11,KRDRVOPK2I
KR4301SC3357,301SC335,코스피200 P 202212 335.0,-,0,-,-,-,-,20.43,31.85,0,0,716,OP,2022-07-11,KRDRVOPK2I
KR4301SC3407,301SC340,코스피200 P 202212 340.0,-,0,-,-,-,-,20.75,35.80,0,0,"9,244",OP,2022-07-11,KRDRVOPK2I
KR4301SC3456,301SC345,코스피200 P 202212 345.0,-,0,-,-,-,-,21.06,39.95,0,0,"3,024",OP,2022-07-11,KRDRVOPK2I
KR4301SC3506,301SC350,코스피200 P 202212 350.0,-,0,-,-,-,-,21.37,44.15,0,0,"7,538",OP,2022-07-11,KRDRVOPK2I
KR4301SC3555,301SC355,코스피200 P 202212 355.0,-,0,-,-,-,-,21.68,48.45,0,0,233,OP,2022-07-11,KRDRVOPK2I
KR4301SC3605,301SC360,코스피200 P 202212 360.0,-,0,-,-,-,-,22.00,52.95,0,0,"6,568",OP,2022-07-11,KRDRVOPK2I
KR4301SC3654,301SC365,코스피200 P 202212 365.0,-,0,-,-,-,-,22.31,57.40,0,0,"2,401",OP,2022-07-11,KRDRVOPK2I
KR4301SC3704,301SC370,코스피200 P 202212 370.0,-,0,-,-,-,-,22.62,61.90,0,0,"8,053",OP,2022-07-11,KRDRVOPK2I
KR4301SC3753,301SC375,코스피200 P 202212 375.0,-,0,-,-,-,-,22.93,66.60,0,0,903,OP,2022-07-11,KRDRVOPK2I
KR4301SC3803,301SC380,코스피200 P 202212 380.0,-,0,-,-,-,-,23.25,71.30,0,0,"4,722",OP,2022-07-11,KRDRVOPK2I
KR4301SC3852,301SC385,코스피200 P 202212 385.0,-,0,-,-,-,-,23.56,76.00,0,0,"1,040",OP,2022-07-11,KRDRVOPK2I
KR4301SC3902,301SC390,코스피200 P 202212 390.0,-,0,-,-,-,-,23.87,80.70,0,0,"2,976",OP,2022-07-11,KRDRVOPK2I
KR4301SC3951,301SC395,코스피200 P 202212 395.0,-,0,-,-,-,-,24.18,85.45,0,0,200,OP,2022-07-11,KRDRVOPK2I
KR4301SC4009,301SC400,코스피200 P 202212 400.0,-,0,-,-,-,-,24.50,90.30,0,0,"13,355",OP,2022-07-11,KRDRVOPK2I
KR4301SC4058,301SC405,코스피200 P 202212 405.0,-,0,-,-,-,-,24.81,95.10,0,0,0,OP,2022-07-11,KRDRVOPK2I
KR4301SC4108,301SC410,코스피200 P 202212 410.0,-,0,-,-,-,-,25.12,99.95,0,0,"3,200",OP,2022-07-11,KRDRVOPK2I
KR4301SC4157,301SC415,코스피200 P 202212 415.0,-,0,-,-,-,-,25.43,104.80,0,0,0,OP,2022-07-11,KRDRVOPK2I
KR4301SC4207,301SC420,코스피200 P 202212 420.0,-,0,-,-,-,-,25.75,109.65,0,0,"2,982",OP,2022-07-11,KRDRVOPK2I
KR4301SC4256,301SC425,코스피200 P 202212 425.0,-,0,-,-,-,-,26.06,114.55,0,0,0,OP,2022-07-11,KRDRVOPK2I
KR4301SC4306,301SC430,코스피200 P 202212 430.0,-,0,-,-,-,-,26.37,119.45,0,0,"2,672",OP,2022-07-11,KRDRVOPK2I
KR4301SC4355,301SC435,코스피200 P 202212 435.0,-,0,-,-,-,-,26.68,124.35,0,0,0,OP,2022-07-11,KRDRVOPK2I
KR4301SC4405,301SC440,코스피200 P 202212 440.0,-,0,-,-,-,-,27.00,129.25,0,0,413,OP,2022-07-11,KRDRVOPK2I
KR4301SC4454,301SC445,코스피200 P 202212 445.0,-,0,-,-,-,-,27.31,134.15,0,0,0,OP,2022-07-11,KRDRVOPK2I
KR4301SC4504,301SC450,코스피200 P 202212 450.0,-,0,-,-,-,-,27.62,139.05,0,0,715,OP,2022-07-11,KRDRVOPK2I
KR4301SC4553,301SC455,코스피200 P 202212 455.0,-,0,-,-,-,-,27.93,144.00,0,0,0,OP,2022-07-11,KRDRVOPK2I
KR4301SC4603,301SC460,코스피200 P 202212 460.0,-,0,-,-,-,-,28.25,148.90,0,0,0,OP,2022-07-11,KRDRVOPK2I
KR4301SC4652,301SC465,코스피200 P 202212 465.0,-,0,-,-,-,-,28.56,153.85,0,0,0,OP,2022-07-11,KRDRVOPK2I
KR4301SC4702,301SC470,코스피200 P 202212 470.0,-,0,-,-,-,-,28.87,158.80,0,0,500,OP,2022-07-11,KRDRVOPK2I
KR4301SC4751,301SC475,코스피200 P 202212 475.0,-,0,-,-,-,-,29.18,163.70,0,0,0,OP,2022-07-11,KRDRVOPK2I
KR4301SC4801,301SC480,코스피200 P 202212 480.0,-,0,-,-,-,-,29.50,168.65,0,0,0,OP,2022-07-11,KRDRVOPK2I
KR4301SC4850,301SC485,코스피200 P 202212 485.0,-,0,-,-,-,-,29.81,173.60,0,0,0,OP,2022-07-11,KRDRVOPK2I
KR4301SC4900,301SC490,코스피200 P 202212 490.0,-,0,-,-,-,-,30.12,178.55,0,0,0,OP,2022-07-11,KRDRVOPK2I
KR4301SC4959,301SC495,코스피200 P 202212 495.0,-,0,-,-,-,-,30.43,183.45,0,0,0,OP,2022-07-11,KRDRVOPK2I
KR4301SC5006,301SC500,코스피200 P 202212 500.0,-,0,-,-,-,-,30.75,188.40,0,0,112,OP,2022-07-11,KRDRVOPK2I
KR4301SC5055,301SC505,코스피200 P 202212 505.0,-,0,-,-,-,-,31.06,193.35,0,0,0,OP,2022-07-11,KRDRVOPK2I
KR4301SC5105,301SC510,코스피200 P 202212 510.0,-,0,-,-,-,-,31.37,198.30,0,0,12,OP,2022-07-11,KRDRVOPK2I
KR4301SC5154,301SC515,코스피200 P 202212 515.0,-,0,-,-,-,-,31.68,203.25,0,0,0,OP,2022-07-11,KRDRVOPK2I
KR4301SC5204,301SC520,코스피200 P 202212 520.0,207.65,1,1.45,207.65,207.65,207.65,32.00,207.65,1,"51,912,500",137,OP,2022-07-11,KRDRVOPK2I
KR4301T31805,301T3180,코스피200 P 202303 180.0,1.29,1,0.08,1.24,1.29,1.24,38.60,1.29,9,"2,840,000",31,OP,2022-07-11,KRDRVOPK2I
KR4301T31854,301T3185,코스피200 P 202303 185.0,-,0,-,-,-,-,37.60,1.41,0,0,52,OP,2022-07-11,KRDRVOPK2I
KR4301T31904,301T3190,코스피200 P 202303 190.0,-,0,-,-,-,-,36.60,1.52,0,0,295,OP,2022-07-11,KRDRVOPK2I
KR4301T31953,301T3195,코스피200 P 202303 195.0,-,0,-,-,-,-,35.60,1.72,0,0,3,OP,2022-07-11,KRDRVOPK2I
KR4301T32001,301T3200,코스피200 P 202303 200.0,1.88,1,0.02,1.86,1.88,1.86,34.60,1.88,4,"1,875,000",57,OP,2022-07-11,KRDRVOPK2I
KR4301T32050,301T3205,코스피200 P 202303 205.0,-,0,-,-,-,-,33.78,2.13,0,0,1,OP,2022-07-11,KRDRVOPK2I
KR4301T32100,301T3210,코스피200 P 202303 210.0,-,0,-,-,-,-,32.96,2.35,0,0,24,OP,2022-07-11,KRDRVOPK2I
KR4301T32159,301T3215,코스피200 P 202303 215.0,-,0,-,-,-,-,32.14,2.57,0,0,4,OP,2022-07-11,KRDRVOPK2I
KR4301T32209,301T3220,코스피200 P 202303 220.0,-,0,-,-,-,-,31.32,2.87,0,0,187,OP,2022-07-11,KRDRVOPK2I
KR4301T32258,301T3225,코스피200 P 202303 225.0,-,0,-,-,-,-,30.50,3.24,0,0,58,OP,2022-07-11,KRDRVOPK2I
KR4301T32308,301T3230,코스피200 P 202303 230.0,-,0,-,-,-,-,29.69,3.60,0,0,120,OP,2022-07-11,KRDRVOPK2I
KR4301T32357,301T3235,코스피200 P 202303 235.0,-,0,-,-,-,-,28.87,3.95,0,0,70,OP,2022-07-11,KRDRVOPK2I
KR4301T32407,301T3240,코스피200 P 202303 240.0,-,0,-,-,-,-,28.05,4.29,0,0,"2,843",OP,2022-07-11,KRDRVOPK2I
KR4301T32456,301T3245,코스피200 P 202303 245.0,-,0,-,-,-,-,27.23,4.79,0,0,85,OP,2022-07-11,KRDRVOPK2I
KR4301T32506,301T3250,코스피200 P 202303 250.0,-,0,-,-,-,-,26.41,5.35,0,0,41,OP,2022-07-11,KRDRVOPK2I
KR4301T32555,301T3255,코스피200 P 202303 255.0,5.91,2,-0.01,5.91,5.91,5.91,25.60,5.91,1,"1,477,500",29,OP,2022-07-11,KRDRVOPK2I
KR4301T32605,301T3260,코스피200 P 202303 260.0,6.58,1,0.06,6.61,6.61,6.55,25.00,6.58,5,"8,225,000",352,OP,2022-07-11,KRDRVOPK2I
KR4301T32654,301T3265,코스피200 P 202303 265.0,-,0,-,-,-,-,24.30,7.34,0,0,48,OP,2022-07-11,KRDRVOPK2I
KR4301T32704,301T3270,코스피200 P 202303 270.0,7.78,2,-0.33,8.01,8.01,7.56,23.60,7.78,11,"21,477,500","2,551",OP,2022-07-11,KRDRVOPK2I
KR4301T32753,301T3275,코스피200 P 202303 275.0,-,0,-,-,-,-,23.05,9.29,0,0,"1,405",OP,2022-07-11,KRDRVOPK2I
KR4301T32803,301T3280,코스피200 P 202303 280.0,-,0,-,-,-,-,22.50,10.30,0,0,745,OP,2022-07-11,KRDRVOPK2I
KR4301T32852,301T3285,코스피200 P 202303 285.0,-,0,-,-,-,-,21.95,11.75,0,0,3,OP,2022-07-11,KRDRVOPK2I
KR4301T32902,301T3290,코스피200 P 202303 290.0,12.40,2,-0.45,12.50,12.50,12.40,21.40,12.40,6,"18,625,000",118,OP,2022-07-11,KRDRVOPK2I
KR4301T32951,301T3295,코스피200 P 202303 295.0,-,0,-,-,-,-,21.40,15.15,0,0,13,OP,2022-07-11,KRDRVOPK2I
KR4301T33009,301T3300,코스피200 P 202303 300.0,-,0,-,-,-,-,21.40,17.60,0,0,"7,611",OP,2022-07-11,KRDRVOPK2I
KR4301T33058,301T3305,코스피200 P 202303 305.0,-,0,-,-,-,-,21.40,20.10,0,0,0,OP,2022-07-11,KRDRVOPK2I
KR4301T33108,301T3310,코스피200 P 202303 310.0,-,0,-,-,-,-,21.40,22.55,0,0,0,OP,2022-07-11,KRDRVOPK2I
KR4301T33157,301T3315,코스피200 P 202303 315.0,-,0,-,-,-,-,21.40,25.55,0,0,"1,200",OP,2022-07-11,KRDRVOPK2I
KR4301T33207,301T3320,코스피200 P 202303 320.0,-,0,-,-,-,-,21.40,28.60,0,0,"1,959",OP,2022-07-11,KRDRVOPK2I
KR4301T33256,301T3325,코스피200 P 202303 325.0,-,0,-,-,-,-,21.40,31.65,0,0,"1,200",OP,2022-07-11,KRDRVOPK2I
KR4301T33306,301T3330,코스피200 P 202303 330.0,-,0,-,-,-,-,21.40,35.05,0,0,501,OP,2022-07-11,KRDRVOPK2I
KR4301T33355,301T3335,코스피200 P 202303 335.0,-,0,-,-,-,-,21.40,38.60,0,0,5,OP,2022-07-11,KRDRVOPK2I
KR4301T33405,301T3340,코스피200 P 202303 340.0,-,0,-,-,-,-,21.40,42.15,0,0,"1,402",OP,2022-07-11,KRDRVOPK2I
KR4301T33454,301T3345,코스피200 P 202303 345.0,-,0,-,-,-,-,21.40,45.90,0,0,0,OP,2022-07-11,KRDRVOPK2I
KR4301T33504,301T3350,코스피200 P 202303 350.0,-,0,-,-,-,-,21.40,49.85,0,0,"1,552",OP,2022-07-11,KRDRVOPK2I
KR4301T33553,301T3355,코스피200 P 202303 355.0,-,0,-,-,-,-,21.40,53.85,0,0,500,OP,2022-07-11,KRDRVOPK2I
KR4301T33603,301T3360,코스피200 P 202303 360.0,-,0,-,-,-,-,21.40,57.85,0,0,"1,700",OP,2022-07-11,KRDRVOPK2I
KR4301T33652,301T3365,코스피200 P 202303 365.0,-,0,-,-,-,-,21.40,62.15,0,0,0,OP,2022-07-11,KRDRVOPK2I
KR4301T33702,301T3370,코스피200 P 202303 370.0,-,0,-,-,-,-,21.40,66.45,0,0,0,OP,2022-07-11,KRDRVOPK2I
KR4301T33751,301T3375,코스피200 P 202303 375.0,-,0,-,-,-,-,21.40,70.75,0,0,0,OP,2022-07-11,KRDRVOPK2I
KR4301T33801,301T3380,코스피200 P 202303 380.0,-,0,-,-,-,-,21.40,75.15,0,0,0,OP,2022-07-11,KRDRVOPK2I
KR4301T33850,301T3385,코스피200 P 202303 385.0,-,0,-,-,-,-,21.40,79.70,0,0,0,OP,2022-07-11,KRDRVOPK2I
KR4301T33900,301T3390,코스피200 P 202303 390.0,-,0,-,-,-,-,21.40,84.30,0,0,0,OP,2022-07-11,KRDRVOPK2I
KR4301T33959,301T3395,코스피200 P 202303 395.0,-,0,-,-,-,-,21.40,88.85,0,0,0,OP,2022-07-11,KRDRVOPK2I
KR4301T34007,301T3400,코스피200 P 202303 400.0,-,0,-,-,-,-,21.40,93.45,0,0,200,OP,2022-07-11,KRDRVOPK2I
KR4301T34056,301T3405,코스피200 P 202303 405.0,-,0,-,-,-,-,21.40,98.20,0,0,0,OP,2022-07-11,KRDRVOPK2I
KR4301T34106,301T3410,코스피200 P 202303 410.0,-,0,-,-,-,-,21.40,102.90,0,0,0,OP,2022-07-11,KRDRVOPK2I
KR4301T34155,301T3415,코스피200 P 202303 415.0,-,0,-,-,-,-,21.40,107.65,0,0,0,OP,2022-07-11,KRDRVOPK2I
KR4301T34205,301T3420,코스피200 P 202303 420.0,-,0,-,-,-,-,21.40,112.40,0,0,0,OP,2022-07-11,KRDRVOPK2I
KR4301T34254,301T3425,코스피200 P 202303 425.0,-,0,-,-,-,-,21.40,117.25,0,0,0,OP,2022-07-11,KRDRVOPK2I
KR4301T34304,301T3430,코스피200 P 202303 430.0,-,0,-,-,-,-,21.40,122.05,0,0,0,OP,2022-07-11,KRDRVOPK2I
KR4301T34353,301T3435,코스피200 P 202303 435.0,-,0,-,-,-,-,21.40,126.90,0,0,0,OP,2022-07-11,KRDRVOPK2I
KR4301T34403,301T3440,코스피200 P 202303 440.0,-,0,-,-,-,-,21.40,131.70,0,0,0,OP,2022-07-11,KRDRVOPK2I
KR4301T34452,301T3445,코스피200 P 202303 445.0,-,0,-,-,-,-,21.40,136.60,0,0,0,OP,2022-07-11,KRDRVOPK2I
KR4301T34502,301T3450,코스피200 P 202303 450.0,-,0,-,-,-,-,21.40,141.50,0,0,0,OP,2022-07-11,KRDRVOPK2I
KR4301T34551,301T3455,코스피200 P 202303 455.0,-,0,-,-,-,-,21.40,146.35,0,0,0,OP,2022-07-11,KRDRVOPK2I
KR4301T34601,301T3460,코스피200 P 202303 460.0,-,0,-,-,-,-,21.40,151.25,0,0,0,OP,2022-07-11,KRDRVOPK2I
KR4301T34650,301T3465,코스피200 P 202303 465.0,-,0,-,-,-,-,21.40,156.15,0,0,0,OP,2022-07-11,KRDRVOPK2I
KR4301T34700,301T3470,코스피200 P 202303 470.0,-,0,-,-,-,-,21.40,161.05,0,0,0,OP,2022-07-11,KRDRVOPK2I
KR4301T34759,301T3475,코스피200 P 202303 475.0,-,0,-,-,-,-,21.40,165.95,0,0,0,OP,2022-07-11,KRDRVOPK2I
KR4301T34809,301T3480,코스피200 P 202303 480.0,-,0,-,-,-,-,21.40,170.90,0,0,0,OP,2022-07-11,KRDRVOPK2I
KR4301T34858,301T3485,코스피200 P 202303 485.0,-,0,-,-,-,-,21.40,175.80,0,0,0,OP,2022-07-11,KRDRVOPK2I
KR4301T61802,301T6180,코스피200 P 202306 180.0,-,0,-,-,-,-,26.50,0.35,0,0,2,OP,2022-07-11,KRDRVOPK2I
KR4301T61851,301T6185,코스피200 P 202306 185.0,-,0,-,-,-,-,26.50,0.47,0,0,15,OP,2022-07-11,KRDRVOPK2I
KR4301T61901,301T6190,코스피200 P 202306 190.0,-,0,-,-,-,-,26.50,0.62,0,0,5,OP,2022-07-11,KRDRVOPK2I
KR4301T61950,301T6195,코스피200 P 202306 195.0,-,0,-,-,-,-,26.50,0.86,0,0,13,OP,2022-07-11,KRDRVOPK2I
KR4301T62008,301T6200,코스피200 P 202306 200.0,-,0,-,-,-,-,26.50,1.09,0,0,54,OP,2022-07-11,KRDRVOPK2I
KR4301T62057,301T6205,코스피200 P 202306 205.0,-,0,-,-,-,-,26.50,1.40,0,0,0,OP,2022-07-11,KRDRVOPK2I
KR4301T62107,301T6210,코스피200 P 202306 210.0,-,0,-,-,-,-,26.50,1.81,0,0,22,OP,2022-07-11,KRDRVOPK2I
KR4301T62156,301T6215,코스피200 P 202306 215.0,-,0,-,-,-,-,26.50,2.22,0,0,0,OP,2022-07-11,KRDRVOPK2I
KR4301T62206,301T6220,코스피200 P 202306 220.0,-,0,-,-,-,-,26.50,2.73,0,0,449,OP,2022-07-11,KRDRVOPK2I
KR4301T62255,301T6225,코스피200 P 202306 225.0,-,0,-,-,-,-,26.50,3.40,0,0,1,OP,2022-07-11,KRDRVOPK2I
KR4301T62305,301T6230,코스피200 P 202306 230.0,-,0,-,-,-,-,26.50,4.08,0,0,151,OP,2022-07-11,KRDRVOPK2I
KR4301T62354,301T6235,코스피200 P 202306 235.0,-,0,-,-,-,-,26.50,4.79,0,0,0,OP,2022-07-11,KRDRVOPK2I
KR4301T62404,301T6240,코스피200 P 202306 240.0,5.70,2,-0.13,5.70,5.70,5.70,26.50,5.70,1,"1,425,000",48,OP,2022-07-11,KRDRVOPK2I
KR4301T62453,301T6245,코스피200 P 202306 245.0,-,0,-,-,-,-,25.90,6.46,0,0,0,OP,2022-07-11,KRDRVOPK2I
KR4301T62503,301T6250,코스피200 P 202306 250.0,6.90,2,-0.28,6.90,6.90,6.90,25.30,6.90,1,"1,725,000",750,OP,2022-07-11,KRDRVOPK2I
KR4301T62552,301T6255,코스피200 P 202306 255.0,-,0,-,-,-,-,24.88,7.83,0,0,1,OP,2022-07-11,KRDRVOPK2I
KR4301T62602,301T6260,코스피200 P 202306 260.0,-,0,-,-,-,-,24.47,8.94,"1,600","3,460,000,000","3,050",OP,2022-07-11,KRDRVOPK2I
KR4301T62651,301T6265,코스피200 P 202306 265.0,-,0,-,-,-,-,24.06,10.05,0,0,0,OP,2022-07-11,KRDRVOPK2I
KR4301T62701,301T6270,코스피200 P 202306 270.0,-,0,-,-,-,-,23.64,11.15,0,0,381,OP,2022-07-11,KRDRVOPK2I
KR4301T62750,301T6275,코스피200 P 202306 275.0,-,0,-,-,-,-,23.23,12.25,0,0,500,OP,2022-07-11,KRDRVOPK2I
KR4301T62800,301T6280,코스피200 P 202306 280.0,-,0,-,-,-,-,22.82,13.80,0,0,"3,501",OP,2022-07-11,KRDRVOPK2I
KR4301T62859,301T6285,코스피200 P 202306 285.0,-,0,-,-,-,-,22.40,15.30,0,0,0,OP,2022-07-11,KRDRVOPK2I
KR4301T62909,301T6290,코스피200 P 202306 290.0,-,0,-,-,-,-,21.99,16.80,0,0,"1,822",OP,2022-07-11,KRDRVOPK2I
KR4301T62958,301T6295,코스피200 P 202306 295.0,-,0,-,-,-,-,21.58,18.50,0,0,0,OP,2022-07-11,KRDRVOPK2I
KR4301T63006,301T6300,코스피200 P 202306 300.0,-,0,-,-,-,-,21.17,20.50,0,0,"5,548",OP,2022-07-11,KRDRVOPK2I
KR4301T63055,301T6305,코스피200 P 202306 305.0,-,0,-,-,-,-,20.75,22.50,0,0,0,OP,2022-07-11,KRDRVOPK2I
KR4301T63105,301T6310,코스피200 P 202306 310.0,-,0,-,-,-,-,20.34,24.50,"1,600","9,000,000,000","3,588",OP,2022-07-11,KRDRVOPK2I
KR4301T63154,301T6315,코스피200 P 202306 315.0,-,0,-,-,-,-,19.93,27.00,0,0,0,OP,2022-07-11,KRDRVOPK2I
KR4301T63204,301T6320,코스피200 P 202306 320.0,-,0,-,-,-,-,19.51,29.50,0,0,"4,677",OP,2022-07-11,KRDRVOPK2I
KR4301T63253,301T6325,코스피200 P 202306 325.0,-,0,-,-,-,-,19.10,32.00,0,0,"2,400",OP,2022-07-11,KRDRVOPK2I
KR4301T63303,301T6330,코스피200 P 202306 330.0,-,0,-,-,-,-,18.69,34.90,0,0,"3,504",OP,2022-07-11,KRDRVOPK2I
KR4301T63352,301T6335,코스피200 P 202306 335.0,-,0,-,-,-,-,18.27,37.95,0,0,0,OP,2022-07-11,KRDRVOPK2I
KR4301T63402,301T6340,코스피200 P 202306 340.0,-,0,-,-,-,-,17.86,41.00,0,0,"3,068",OP,2022-07-11,KRDRVOPK2I
KR4301T63451,301T6345,코스피200 P 202306 345.0,-,0,-,-,-,-,17.45,44.45,0,0,0,OP,2022-07-11,KRDRVOPK2I
KR4301T63501,301T6350,코스피200 P 202306 350.0,-,0,-,-,-,-,17.04,47.95,0,0,"4,655",OP,2022-07-11,KRDRVOPK2I
KR4301T63550,301T6355,코스피200 P 202306 355.0,-,0,-,-,-,-,16.62,51.55,0,0,0,OP,2022-07-11,KRDRVOPK2I
KR4301T63600,301T6360,코스피200 P 202306 360.0,-,0,-,-,-,-,16.21,55.50,0,0,"1,803",OP,2022-07-11,KRDRVOPK2I
KR4301T63659,301T6365,코스피200 P 202306 365.0,-,0,-,-,-,-,15.80,59.40,0,0,0,OP,2022-07-11,KRDRVOPK2I
KR4301T63709,301T6370,코스피200 P 202306 370.0,-,0,-,-,-,-,15.38,63.60,0,0,"1,516",OP,2022-07-11,KRDRVOPK2I
KR4301T63758,301T6375,코스피200 P 202306 375.0,-,0,-,-,-,-,14.97,67.90,0,0,0,OP,2022-07-11,KRDRVOPK2I
KR4301T63808,301T6380,코스피200 P 202306 380.0,-,0,-,-,-,-,14.56,72.30,0,0,"1,001",OP,2022-07-11,KRDRVOPK2I
KR4301T63857,301T6385,코스피200 P 202306 385.0,-,0,-,-,-,-,14.15,76.80,0,0,0,OP,2022-07-11,KRDRVOPK2I
KR4301T63907,301T6390,코스피200 P 202306 390.0,-,0,-,-,-,-,13.73,81.45,0,0,931,OP,2022-07-11,KRDRVOPK2I
KR4301T63956,301T6395,코스피200 P 202306 395.0,-,0,-,-,-,-,13.32,86.10,0,0,0,OP,2022-07-11,KRDRVOPK2I
KR4301T64004,301T6400,코스피200 P 202306 400.0,-,0,-,-,-,-,12.91,90.90,0,0,6,OP,2022-07-11,KRDRVOPK2I
KR4301T64053,301T6405,코스피200 P 202306 405.0,-,0,-,-,-,-,12.49,95.70,0,0,1,OP,2022-07-11,KRDRVOPK2I
KR4301T64103,301T6410,코스피200 P 202306 410.0,-,0,-,-,-,-,12.08,100.55,0,0,1,OP,2022-07-11,KRDRVOPK2I
KR4301T64152,301T6415,코스피200 P 202306 415.0,-,0,-,-,-,-,11.67,105.40,0,0,1,OP,2022-07-11,KRDRVOPK2I
KR4301T64202,301T6420,코스피200 P 202306 420.0,-,0,-,-,-,-,11.25,110.30,0,0,0,OP,2022-07-11,KRDRVOPK2I
KR4301T64251,301T6425,코스피200 P 202306 425.0,-,0,-,-,-,-,10.84,115.20,0,0,0,OP,2022-07-11,KRDRVOPK2I
KR4301T64301,301T6430,코스피200 P 202306 430.0,-,0,-,-,-,-,10.43,120.10,0,0,1,OP,2022-07-11,KRDRVOPK2I
KR4301T64350,301T6435,코스피200 P 202306 435.0,-,0,-,-,-,-,10.02,125.00,0,0,0,OP,2022-07-11,KRDRVOPK2I
KR4301T64400,301T6440,코스피200 P 202306 440.0,-,0,-,-,-,-,9.60,129.90,0,0,0,OP,2022-07-11,KRDRVOPK2I
KR4301T64459,301T6445,코스피200 P 202306 445.0,-,0,-,-,-,-,9.19,134.80,0,0,0,OP,2022-07-11,KRDRVOPK2I
KR4301T64509,301T6450,코스피200 P 202306 450.0,-,0,-,-,-,-,8.78,139.70,0,0,0,OP,2022-07-11,KRDRVOPK2I
KR4301T64558,301T6455,코스피200 P 202306 455.0,-,0,-,-,-,-,8.36,144.65,0,0,0,OP,2022-07-11,KRDRVOPK2I
KR4301T64608,301T6460,코스피200 P 202306 460.0,-,0,-,-,-,-,7.95,149.55,0,0,0,OP,2022-07-11,KRDRVOPK2I
KR4301T64657,301T6465,코스피200 P 202306 465.0,-,0,-,-,-,-,7.54,154.45,0,0,0,OP,2022-07-11,KRDRVOPK2I
KR4301T64707,301T6470,코스피200 P 202306 470.0,-,0,-,-,-,-,7.12,159.35,0,0,0,OP,2022-07-11,KRDRVOPK2I
KR4301T64756,301T6475,코스피200 P 202306 475.0,-,0,-,-,-,-,6.71,164.25,0,0,0,OP,2022-07-11,KRDRVOPK2I
KR4301T64806,301T6480,코스피200 P 202306 480.0,-,0,-,-,-,-,6.30,169.15,0,0,0,OP,2022-07-11,KRDRVOPK2I
KR4301T64855,301T6485,코스피200 P 202306 485.0,-,0,-,-,-,-,5.89,174.05,0,0,0,OP,2022-07-11,KRDRVOPK2I
KR4301T64905,301T6490,코스피200 P 202306 490.0,-,0,-,-,-,-,5.47,179.00,0,0,0,OP,2022-07-11,KRDRVOPK2I
KR4301T64954,301T6495,코스피200 P 202306 495.0,-,0,-,-,-,-,5.06,183.90,0,0,0,OP,2022-07-11,KRDRVOPK2I
KR4301T65001,301T6500,코스피200 P 202306 500.0,-,0,-,-,-,-,4.65,188.80,0,0,0,OP,2022-07-11,KRDRVOPK2I
KR4301T65050,301T6505,코스피200 P 202306 505.0,-,0,-,-,-,-,4.23,193.70,0,0,0,OP,2022-07-11,KRDRVOPK2I
KR4301T65100,301T6510,코스피200 P 202306 510.0,-,0,-,-,-,-,3.82,198.60,0,0,0,OP,2022-07-11,KRDRVOPK2I
KR4301T65159,301T6515,코스피200 P 202306 515.0,-,0,-,-,-,-,3.41,203.50,0,0,0,OP,2022-07-11,KRDRVOPK2I
KR4301T65209,301T6520,코스피200 P 202306 520.0,205.45,2,-1.10,205.50,205.50,205.45,3.00,205.45,3,"154,112,500",5,OP,2022-07-11,KRDRVOPK2I
KR4301TC1806,301TC180,코스피200 P 202312 180.0,-,0,-,-,-,-,26.50,1.26,0,0,16,OP,2022-07-11,KRDRVOPK2I
KR4301TC1905,301TC190,코스피200 P 202312 190.0,-,0,-,-,-,-,26.50,2.00,0,0,26,OP,2022-07-11,KRDRVOPK2I
KR4301TC2002,301TC200,코스피200 P 202312 200.0,-,0,-,-,-,-,26.50,2.84,0,0,54,OP,2022-07-11,KRDRVOPK2I
KR4301TC2101,301TC210,코스피200 P 202312 210.0,-,0,-,-,-,-,26.50,4.21,0,0,57,OP,2022-07-11,KRDRVOPK2I
KR4301TC2200,301TC220,코스피200 P 202312 220.0,5.60,1,0.25,5.35,5.60,5.35,26.50,5.60,10,"13,562,500",650,OP,2022-07-11,KRDRVOPK2I
KR4301TC2309,301TC230,코스피200 P 202312 230.0,-,0,-,-,-,-,25.48,6.95,0,0,236,OP,2022-07-11,KRDRVOPK2I
KR4301TC2408,301TC240,코스피200 P 202312 240.0,-,0,-,-,-,-,24.46,8.19,0,0,315,OP,2022-07-11,KRDRVOPK2I
KR4301TC2507,301TC250,코스피200 P 202312 250.0,-,0,-,-,-,-,23.45,9.75,0,0,"1,307",OP,2022-07-11,KRDRVOPK2I
KR4301TC2606,301TC260,코스피200 P 202312 260.0,-,0,-,-,-,-,22.43,11.55,0,0,"2,306",OP,2022-07-11,KRDRVOPK2I
KR4301TC2705,301TC270,코스피200 P 202312 270.0,-,0,-,-,-,-,21.41,13.40,0,0,"9,246",OP,2022-07-11,KRDRVOPK2I
KR4301TC2804,301TC280,코스피200 P 202312 280.0,15.80,1,0.80,15.80,15.80,15.80,20.40,15.80,10,"39,500,000","8,138",OP,2022-07-11,KRDRVOPK2I
KR4301TC2903,301TC290,코스피200 P 202312 290.0,-,0,-,-,-,-,20.40,19.70,0,0,1,OP,2022-07-11,KRDRVOPK2I
KR4301TC3000,301TC300,코스피200 P 202312 300.0,-,0,-,-,-,-,20.40,24.55,0,0,"10,431",OP,2022-07-11,KRDRVOPK2I
KR4301TC3109,301TC310,코스피200 P 202312 310.0,-,0,-,-,-,-,20.40,29.45,0,0,"6,750",OP,2022-07-11,KRDRVOPK2I
KR4301TC3208,301TC320,코스피200 P 202312 320.0,-,0,-,-,-,-,20.40,35.30,0,0,"5,880",OP,2022-07-11,KRDRVOPK2I
KR4301TC3307,301TC330,코스피200 P 202312 330.0,-,0,-,-,-,-,20.40,41.25,0,0,"6,358",OP,2022-07-11,KRDRVOPK2I
KR4301TC3406,301TC340,코스피200 P 202312 340.0,-,0,-,-,-,-,20.40,47.85,0,0,"8,767",OP,2022-07-11,KRDRVOPK2I
KR4301TC3505,301TC350,코스피200 P 202312 350.0,-,0,-,-,-,-,20.40,54.80,0,0,"6,729",OP,2022-07-11,KRDRVOPK2I
KR4301TC3604,301TC360,코스피200 P 202312 360.0,-,0,-,-,-,-,20.40,62.00,0,0,"4,940",OP,2022-07-11,KRDRVOPK2I
KR4301TC3703,301TC370,코스피200 P 202312 370.0,-,0,-,-,-,-,20.40,69.80,0,0,"4,712",OP,2022-07-11,KRDRVOPK2I
KR4301TC3802,301TC380,코스피200 P 202312 380.0,-,0,-,-,-,-,20.40,77.65,0,0,"1,962",OP,2022-07-11,KRDRVOPK2I
KR4301TC3901,301TC390,코스피200 P 202312 390.0,-,0,-,-,-,-,20.40,85.90,0,0,"3,508",OP,2022-07-11,KRDRVOPK2I
KR4301TC4008,301TC400,코스피200 P 202312 400.0,-,0,-,-,-,-,20.40,94.40,0,0,"2,409",OP,2022-07-11,KRDRVOPK2I
KR4301TC4107,301TC410,코스피200 P 202312 410.0,-,0,-,-,-,-,20.40,102.85,0,0,501,OP,2022-07-11,KRDRVOPK2I
KR4301TC4206,301TC420,코스피200 P 202312 420.0,-,0,-,-,-,-,20.40,111.80,0,0,"1,500",OP,2022-07-11,KRDRVOPK2I
KR4301TC4305,301TC430,코스피200 P 202312 430.0,-,0,-,-,-,-,20.40,120.80,0,0,"1,801",OP,2022-07-11,KRDRVOPK2I
KR4301TC4404,301TC440,코스피200 P 202312 440.0,-,0,-,-,-,-,20.40,129.75,0,0,2,OP,2022-07-11,KRDRVOPK2I
KR4301TC4503,301TC450,코스피200 P 202312 450.0,-,0,-,-,-,-,20.40,139.05,0,0,201,OP,2022-07-11,KRDRVOPK2I
KR4301TC4602,301TC460,코스피200 P 202312 460.0,-,0,-,-,-,-,20.40,148.35,0,0,0,OP,2022-07-11,KRDRVOPK2I
KR4301TC4701,301TC470,코스피200 P 202312 470.0,-,0,-,-,-,-,20.40,157.65,0,0,3,OP,2022-07-11,KRDRVOPK2I
KR4301TC4800,301TC480,코스피200 P 202312 480.0,-,0,-,-,-,-,20.40,167.10,0,0,1,OP,2022-07-11,KRDRVOPK2I
KR4301TC4909,301TC490,코스피200 P 202312 490.0,-,0,-,-,-,-,20.40,176.60,0,0,0,OP,2022-07-11,KRDRVOPK2I
KR4301TC5005,301TC500,코스피200 P 202312 500.0,-,0,-,-,-,-,20.40,186.10,0,0,235,OP,2022-07-11,KRDRVOPK2I
KR4301TC5104,301TC510,코스피200 P 202312 510.0,-,0,-,-,-,-,20.40,195.60,0,0,0,OP,2022-07-11,KRDRVOPK2I
KR4301TC5203,301TC520,코스피200 P 202312 520.0,-,0,-,-,-,-,20.40,205.25,0,0,23,OP,2022-07-11,KRDRVOPK2I
KR4301V61808,301V6180,코스피200 P 202406 180.0,-,0,-,-,-,-,26.70,2.75,0,0,29,OP,2022-07-11,KRDRVOPK2I
KR4301V61907,301V6190,코스피200 P 202406 190.0,-,0,-,-,-,-,26.26,3.71,0,0,2,OP,2022-07-11,KRDRVOPK2I
KR4301V62004,301V6200,코스피200 P 202406 200.0,-,0,-,-,-,-,25.82,4.82,0,0,3,OP,2022-07-11,KRDRVOPK2I
KR4301V62103,301V6210,코스피200 P 202406 210.0,-,0,-,-,-,-,25.38,6.10,0,0,11,OP,2022-07-11,KRDRVOPK2I
KR4301V62202,301V6220,코스피200 P 202406 220.0,-,0,-,-,-,-,24.94,7.78,0,0,0,OP,2022-07-11,KRDRVOPK2I
KR4301V62301,301V6230,코스피200 P 202406 230.0,-,0,-,-,-,-,23.99,8.98,0,0,0,OP,2022-07-11,KRDRVOPK2I
KR4301V62400,301V6240,코스피200 P 202406 240.0,-,0,-,-,-,-,23.04,10.60,0,0,502,OP,2022-07-11,KRDRVOPK2I
KR4301V62509,301V6250,코스피200 P 202406 250.0,-,0,-,-,-,-,22.10,12.35,500,"1,375,000,000",500,OP,2022-07-11,KRDRVOPK2I
KR4301V62608,301V6260,코스피200 P 202406 260.0,-,0,-,-,-,-,21.15,14.05,0,0,"4,000",OP,2022-07-11,KRDRVOPK2I
KR4301V62707,301V6270,코스피200 P 202406 270.0,-,0,-,-,-,-,20.20,16.50,0,0,"3,103",OP,2022-07-11,KRDRVOPK2I
KR4301V62806,301V6280,코스피200 P 202406 280.0,-,0,-,-,-,-,19.70,19.50,0,0,"2,407",OP,2022-07-11,KRDRVOPK2I
KR4301V62905,301V6290,코스피200 P 202406 290.0,-,0,-,-,-,-,19.70,23.90,400,"2,120,000,000","2,305",OP,2022-07-11,KRDRVOPK2I
KR4301V63002,301V6300,코스피200 P 202406 300.0,-,0,-,-,-,-,19.70,28.70,500,"3,100,000,000","3,553",OP,2022-07-11,KRDRVOPK2I
KR4301V63101,301V6310,코스피200 P 202406 310.0,-,0,-,-,-,-,19.70,33.80,0,0,"1,756",OP,2022-07-11,KRDRVOPK2I
KR4301V63200,301V6320,코스피200 P 202406 320.0,-,0,-,-,-,-,19.70,39.70,0,0,801,OP,2022-07-11,KRDRVOPK2I
KR4301V63309,301V6330,코스피200 P 202406 330.0,-,0,-,-,-,-,19.70,45.55,0,0,501,OP,2022-07-11,KRDRVOPK2I
KR4301V63408,301V6340,코스피200 P 202406 340.0,-,0,-,-,-,-,19.70,52.25,0,0,0,OP,2022-07-11,KRDRVOPK2I
KR4301V63507,301V6350,코스피200 P 202406 350.0,-,0,-,-,-,-,19.70,59.10,0,0,0,OP,2022-07-11,KRDRVOPK2I
KR4301V63606,301V6360,코스피200 P 202406 360.0,-,0,-,-,-,-,19.70,66.10,0,0,0,OP,2022-07-11,KRDRVOPK2I
KR4301V63705,301V6370,코스피200 P 202406 370.0,-,0,-,-,-,-,19.70,73.80,0,0,0,OP,2022-07-11,KRDRVOPK2I
KR4301V63804,301V6380,코스피200 P 202406 380.0,-,0,-,-,-,-,19.70,81.50,0,0,0,OP,2022-07-11,KRDRVOPK2I
KR4301V63903,301V6390,코스피200 P 202406 390.0,-,0,-,-,-,-,19.70,89.40,0,0,0,OP,2022-07-11,KRDRVOPK2I
KR4301V64000,301V6400,코스피200 P 202406 400.0,-,0,-,-,-,-,19.70,97.75,0,0,0,OP,2022-07-11,KRDRVOPK2I
KR4301V64109,301V6410,코스피200 P 202406 410.0,-,0,-,-,-,-,19.70,106.15,0,0,0,OP,2022-07-11,KRDRVOPK2I
KR4301V64208,301V6420,코스피200 P 202406 420.0,-,0,-,-,-,-,19.70,114.60,0,0,0,OP,2022-07-11,KRDRVOPK2I
KR4301V64307,301V6430,코스피200 P 202406 430.0,-,0,-,-,-,-,19.70,123.45,0,0,0,OP,2022-07-11,KRDRVOPK2I
KR4301V64406,301V6440,코스피200 P 202406 440.0,-,0,-,-,-,-,19.70,132.30,0,0,0,OP,2022-07-11,KRDRVOPK2I
KR4301V64505,301V6450,코스피200 P 202406 450.0,-,0,-,-,-,-,19.70,141.20,0,0,0,OP,2022-07-11,KRDRVOPK2I
KR4301V64604,301V6460,코스피200 P 202406 460.0,-,0,-,-,-,-,19.70,150.30,0,0,0,OP,2022-07-11,KRDRVOPK2I
KR4301V64703,301V6470,코스피200 P 202406 470.0,-,0,-,-,-,-,19.70,159.50,0,0,0,OP,2022-07-11,KRDRVOPK2I
KR4301VC1802,301VC180,코스피200 P 202412 180.0,4.37,2,-0.03,4.36,4.37,4.36,26.90,4.37,5,"5,455,000",16,OP,2022-07-11,KRDRVOPK2I
KR4301VC1901,301VC190,코스피200 P 202412 190.0,-,0,-,-,-,-,26.02,5.24,0,0,26,OP,2022-07-11,KRDRVOPK2I
KR4301VC2008,301VC200,코스피200 P 202412 200.0,-,0,-,-,-,-,25.14,6.15,0,0,174,OP,2022-07-11,KRDRVOPK2I
KR4301VC2107,301VC210,코스피200 P 202412 210.0,-,0,-,-,-,-,24.26,7.40,0,0,2,OP,2022-07-11,KRDRVOPK2I
KR4301VC2206,301VC220,코스피200 P 202412 220.0,-,0,-,-,-,-,23.38,8.59,0,0,27,OP,2022-07-11,KRDRVOPK2I
KR4301VC2305,301VC230,코스피200 P 202412 230.0,-,0,-,-,-,-,22.51,9.88,0,0,456,OP,2022-07-11,KRDRVOPK2I
KR4301VC2404,301VC240,코스피200 P 202412 240.0,-,0,-,-,-,-,21.63,11.60,0,0,"2,152",OP,2022-07-11,KRDRVOPK2I
KR4301VC2503,301VC250,코스피200 P 202412 250.0,-,0,-,-,-,-,20.75,13.25,0,0,5,OP,2022-07-11,KRDRVOPK2I
KR4301VC2602,301VC260,코스피200 P 202412 260.0,-,0,-,-,-,-,19.87,15.15,0,0,0,OP,2022-07-11,KRDRVOPK2I
KR4301VC2701,301VC270,코스피200 P 202412 270.0,17.45,1,0.55,17.40,17.45,17.40,19.00,17.45,4,"17,437,500","2,972",OP,2022-07-11,KRDRVOPK2I
KR4301VC2800,301VC280,코스피200 P 202412 280.0,-,0,-,-,-,-,19.00,21.10,0,0,232,OP,2022-07-11,KRDRVOPK2I
KR4301VC2909,301VC290,코스피200 P 202412 290.0,-,0,-,-,-,-,19.00,25.65,0,0,201,OP,2022-07-11,KRDRVOPK2I
KR4301VC3006,301VC300,코스피200 P 202412 300.0,-,0,-,-,-,-,19.00,30.35,0,0,"3,677",OP,2022-07-11,KRDRVOPK2I
KR4301VC3105,301VC310,코스피200 P 202412 310.0,-,0,-,-,-,-,19.00,35.45,0,0,"3,212",OP,2022-07-11,KRDRVOPK2I
KR4301VC3204,301VC320,코스피200 P 202412 320.0,-,0,-,-,-,-,19.00,41.20,0,0,303,OP,2022-07-11,KRDRVOPK2I
KR4301VC3303,301VC330,코스피200 P 202412 330.0,-,0,-,-,-,-,19.00,46.95,0,0,"1,900",OP,2022-07-11,KRDRVOPK2I
KR4301VC3402,301VC340,코스피200 P 202412 340.0,-,0,-,-,-,-,19.00,53.45,0,0,500,OP,2022-07-11,KRDRVOPK2I
KR4301VC3501,301VC350,코스피200 P 202412 350.0,-,0,-,-,-,-,19.00,60.20,0,0,712,OP,2022-07-11,KRDRVOPK2I
KR4301VC3600,301VC360,코스피200 P 202412 360.0,-,0,-,-,-,-,19.00,66.95,0,0,604,OP,2022-07-11,KRDRVOPK2I
KR4301VC3709,301VC370,코스피200 P 202412 370.0,-,0,-,-,-,-,19.00,74.35,0,0,1,OP,2022-07-11,KRDRVOPK2I
KR4301VC3808,301VC380,코스피200 P 202412 380.0,-,0,-,-,-,-,19.00,81.95,0,0,0,OP,2022-07-11,KRDRVOPK2I
KR4301VC3907,301VC390,코스피200 P 202412 390.0,-,0,-,-,-,-,19.00,89.55,0,0,2,OP,2022-07-11,KRDRVOPK2I
KR4301VC4004,301VC400,코스피200 P 202412 400.0,-,0,-,-,-,-,19.00,97.55,0,0,900,OP,2022-07-11,KRDRVOPK2I
KR4301VC4103,301VC410,코스피200 P 202412 410.0,-,0,-,-,-,-,19.00,105.80,0,0,0,OP,2022-07-11,KRDRVOPK2I
KR4301VC4202,301VC420,코스피200 P 202412 420.0,-,0,-,-,-,-,19.00,114.05,0,0,0,OP,2022-07-11,KRDRVOPK2I
KR4301VC4301,301VC430,코스피200 P 202412 430.0,-,0,-,-,-,-,19.00,122.40,0,0,0,OP,2022-07-11,KRDRVOPK2I
KR4301VC4400,301VC440,코스피200 P 202412 440.0,-,0,-,-,-,-,19.00,131.15,0,0,0,OP,2022-07-11,KRDRVOPK2I
KR4301VC4509,301VC450,코스피200 P 202412 450.0,-,0,-,-,-,-,19.00,139.90,0,0,0,OP,2022-07-11,KRDRVOPK2I
KR4301VC4608,301VC460,코스피200 P 202412 460.0,-,0,-,-,-,-,19.00,148.70,0,0,0,OP,2022-07-11,KRDRVOPK2I
KR4301VC4707,301VC470,코스피200 P 202412 470.0,-,0,-,-,-,-,19.00,157.55,0,0,0,OP,2022-07-11,KRDRVOPK2I
KR4301VC4806,301VC480,코스피200 P 202412 480.0,-,0,-,-,-,-,19.00,166.65,0,0,0,OP,2022-07-11,KRDRVOPK2I
KR4301VC4905,301VC490,코스피200 P 202412 490.0,-,0,-,-,-,-,19.00,175.75,0,0,0,OP,2022-07-11,KRDRVOPK2I
KR4301VC5001,301VC500,코스피200 P 202412 500.0,-,0,-,-,-,-,19.00,184.80,0,0,0,OP,2022-07-11,KRDRVOPK2I
KR4301VC5100,301VC510,코스피200 P 202412 510.0,-,0,-,-,-,-,19.00,193.95,0,0,0,OP,2022-07-11,KRDRVOPK2I
KR4301VC5209,301VC520,코스피200 P 202412 520.0,-,0,-,-,-,-,19.00,203.25,0,0,6,OP,2022-07-11,KRDRVOPK2I
