ISU_SRT_CD,ISU_NM,TDD_CLSPRC,ACC_TRDVOL,ACC_TRDVAL,ACC_OPNINT_QTY,TARGET_DATE,PRODUCT_ID,EXPIRATION_DATE,EXERCISE_PRICE,FUTURE_PRICE,SPOT_PRICE
301KC290,코스피200 P 201512 290.0,-,0,0,0,2014-09-01,KRDRVOPK2I,2015-12-10,290.0,265.35,265.27
301KC290,코스피200 P 201512 290.0,-,0,0,0,2014-09-02,KRDRVOPK2I,2015-12-10,290.0,262.95,262.61
301KC290,코스피200 P 201512 290.0,-,0,0,0,2014-09-03,KRDRVOPK2I,2015-12-10,290.0,262.50,262.27
301KC290,코스피200 P 201512 290.0,-,0,0,0,2014-09-04,KRDRVOPK2I,2015-12-10,290.0,262.60,263.19
301KC290,코스피200 P 201512 290.0,-,0,0,0,2014-09-05,KRDRVOPK2I,2015-12-10,290.0,261.90,262.09
301KC290,코스피200 P 201512 290.0,-,0,0,0,2014-09-11,KRDRVOPK2I,2015-12-10,290.0,261.00,259.80
301KC290,코스피200 P 201512 290.0,-,0,0,0,2014-09-12,KRDRVOPK2I,2015-12-10,290.0,262.80,261.39
301KC290,코스피200 P 201512 290.0,-,0,0,0,2014-09-15,KRDRVOPK2I,2015-12-10,290.0,262.25,260.56
301KC290,코스피200 P 201512 290.0,-,0,0,0,2014-09-16,KRDRVOPK2I,2015-12-10,290.0,262.55,261.45
301KC290,코스피200 P 201512 290.0,-,0,0,0,2014-09-17,KRDRVOPK2I,2015-12-10,290.0,265.45,264.01
301KC290,코스피200 P 201512 290.0,-,0,0,0,2014-09-18,KRDRVOPK2I,2015-12-10,290.0,264.10,261.72
301KC290,코스피200 P 201512 290.0,-,0,0,0,2014-09-19,KRDRVOPK2I,2015-12-10,290.0,264.60,262.31
301KC290,코스피200 P 201512 290.0,-,0,0,0,2014-09-22,KRDRVOPK2I,2015-12-10,290.0,261.10,260.15
301KC290,코스피200 P 201512 290.0,-,0,0,0,2014-09-23,KRDRVOPK2I,2015-12-10,290.0,260.50,258.49
301KC290,코스피200 P 201512 290.0,-,0,0,0,2014-09-24,KRDRVOPK2I,2015-12-10,290.0,260.50,258.88
301KC290,코스피200 P 201512 290.0,-,0,0,0,2014-09-25,KRDRVOPK2I,2015-12-10,290.0,260.15,258.46
301KC290,코스피200 P 201512 290.0,-,0,0,0,2014-09-26,KRDRVOPK2I,2015-12-10,290.0,259.45,258.33
301KC290,코스피200 P 201512 290.0,-,0,0,0,2014-09-29,KRDRVOPK2I,2015-12-10,290.0,258.50,257.95
301KC290,코스피200 P 201512 290.0,-,0,0,0,2014-09-30,KRDRVOPK2I,2015-12-10,290.0,257.00,256.77
301KC290,코스피200 P 201512 290.0,-,0,0,0,2014-10-01,KRDRVOPK2I,2015-12-10,290.0,254.40,252.81
301KC290,코스피200 P 201512 290.0,-,0,0,0,2014-10-02,KRDRVOPK2I,2015-12-10,290.0,250.90,250.06
301KC290,코스피200 P 201512 290.0,-,0,0,0,2014-10-06,KRDRVOPK2I,2015-12-10,290.0,250.85,249.19
301KC290,코스피200 P 201512 290.0,-,0,0,0,2014-10-07,KRDRVOPK2I,2015-12-10,290.0,250.80,249.93
301KC290,코스피200 P 201512 290.0,-,0,0,0,2014-10-08,KRDRVOPK2I,2015-12-10,290.0,250.30,248.36
301KC290,코스피200 P 201512 290.0,-,0,0,0,2014-10-10,KRDRVOPK2I,2015-12-10,290.0,245.60,245.06
301KC290,코스피200 P 201512 290.0,-,0,0,0,2014-10-13,KRDRVOPK2I,2015-12-10,290.0,246.10,244.18
301KC290,코스피200 P 201512 290.0,-,0,0,0,2014-10-14,KRDRVOPK2I,2015-12-10,290.0,244.80,244.47
301KC290,코스피200 P 201512 290.0,-,0,0,0,2014-10-15,KRDRVOPK2I,2015-12-10,290.0,245.50,243.87
301KC290,코스피200 P 201512 290.0,-,0,0,0,2014-10-16,KRDRVOPK2I,2015-12-10,290.0,243.65,242.79
301KC290,코스피200 P 201512 290.0,-,0,0,0,2014-10-17,KRDRVOPK2I,2015-12-10,290.0,240.90,239.84
301KC290,코스피200 P 201512 290.0,-,0,0,0,2014-10-20,KRDRVOPK2I,2015-12-10,290.0,244.40,243.90
301KC290,코스피200 P 201512 290.0,-,0,0,0,2014-10-21,KRDRVOPK2I,2015-12-10,290.0,242.40,241.48
301KC290,코스피200 P 201512 290.0,-,0,0,0,2014-10-22,KRDRVOPK2I,2015-12-10,290.0,244.55,244.12
301KC290,코스피200 P 201512 290.0,-,0,0,0,2014-10-23,KRDRVOPK2I,2015-12-10,290.0,244.60,243.38
301KC290,코스피200 P 201512 290.0,-,0,0,0,2014-10-24,KRDRVOPK2I,2015-12-10,290.0,243.30,242.91
301KC290,코스피200 P 201512 290.0,-,0,0,0,2014-10-27,KRDRVOPK2I,2015-12-10,290.0,244.80,243.89
301KC290,코스피200 P 201512 290.0,-,0,0,0,2014-10-28,KRDRVOPK2I,2015-12-10,290.0,244.45,243.30
301KC290,코스피200 P 201512 290.0,-,0,0,0,2014-10-29,KRDRVOPK2I,2015-12-10,290.0,249.20,248.64
301KC290,코스피200 P 201512 290.0,-,0,0,0,2014-10-30,KRDRVOPK2I,2015-12-10,290.0,249.00,248.84
301KC290,코스피200 P 201512 290.0,-,0,0,0,2014-10-31,KRDRVOPK2I,2015-12-10,290.0,250.20,250.45
301KC290,코스피200 P 201512 290.0,-,0,0,0,2014-11-03,KRDRVOPK2I,2015-12-10,290.0,249.05,248.69
301KC290,코스피200 P 201512 290.0,-,0,0,0,2014-11-04,KRDRVOPK2I,2015-12-10,290.0,247.00,246.51
301KC290,코스피200 P 201512 290.0,-,0,0,0,2014-11-05,KRDRVOPK2I,2015-12-10,290.0,246.60,245.86
301KC290,코스피200 P 201512 290.0,-,0,0,0,2014-11-06,KRDRVOPK2I,2015-12-10,290.0,248.05,247.19
301KC290,코스피200 P 201512 290.0,-,0,0,0,2014-11-07,KRDRVOPK2I,2015-12-10,290.0,248.30,247.39
301KC290,코스피200 P 201512 290.0,-,0,0,0,2014-11-10,KRDRVOPK2I,2015-12-10,290.0,250.80,250.64
301KC290,코스피200 P 201512 290.0,-,0,0,0,2014-11-11,KRDRVOPK2I,2015-12-10,290.0,250.50,250.45
301KC290,코스피200 P 201512 290.0,-,0,0,0,2014-11-12,KRDRVOPK2I,2015-12-10,290.0,251.45,251.26
301KC290,코스피200 P 201512 290.0,-,0,0,0,2014-11-13,KRDRVOPK2I,2015-12-10,290.0,250.50,250.11
301KC290,코스피200 P 201512 290.0,-,0,0,0,2014-11-14,KRDRVOPK2I,2015-12-10,290.0,248.50,248.18
301KC290,코스피200 P 201512 290.0,-,0,0,0,2014-11-17,KRDRVOPK2I,2015-12-10,290.0,249.25,248.30
301KC290,코스피200 P 201512 290.0,-,0,0,0,2014-11-18,KRDRVOPK2I,2015-12-10,290.0,251.25,250.65
301KC290,코스피200 P 201512 290.0,-,0,0,0,2014-11-19,KRDRVOPK2I,2015-12-10,290.0,250.50,250.33
301KC290,코스피200 P 201512 290.0,-,0,0,0,2014-11-20,KRDRVOPK2I,2015-12-10,290.0,250.10,248.96
301KC290,코스피200 P 201512 290.0,-,0,0,0,2014-11-21,KRDRVOPK2I,2015-12-10,290.0,250.45,249.90
301KC290,코스피200 P 201512 290.0,-,0,0,0,2014-11-24,KRDRVOPK2I,2015-12-10,290.0,253.10,252.34
301KC290,코스피200 P 201512 290.0,-,0,0,0,2014-11-25,KRDRVOPK2I,2015-12-10,290.0,252.90,251.72
301KC290,코스피200 P 201512 290.0,-,0,0,0,2014-11-26,KRDRVOPK2I,2015-12-10,290.0,252.15,252.00
301KC290,코스피200 P 201512 290.0,-,0,0,0,2014-11-27,KRDRVOPK2I,2015-12-10,290.0,253.80,253.30
301KC290,코스피200 P 201512 290.0,-,0,0,0,2014-11-28,KRDRVOPK2I,2015-12-10,290.0,254.00,253.70
301KC290,코스피200 P 201512 290.0,-,0,0,0,2014-12-01,KRDRVOPK2I,2015-12-10,290.0,251.30,251.59
301KC290,코스피200 P 201512 290.0,-,0,0,0,2014-12-02,KRDRVOPK2I,2015-12-10,290.0,251.45,251.41
301KC290,코스피200 P 201512 290.0,-,0,0,0,2014-12-03,KRDRVOPK2I,2015-12-10,290.0,251.85,251.65
301KC290,코스피200 P 201512 290.0,-,0,0,0,2014-12-04,KRDRVOPK2I,2015-12-10,290.0,254.85,254.06
301KC290,코스피200 P 201512 290.0,-,0,0,0,2014-12-05,KRDRVOPK2I,2015-12-10,290.0,254.35,254.24
301KC290,코스피200 P 201512 290.0,-,0,0,0,2014-12-08,KRDRVOPK2I,2015-12-10,290.0,253.85,253.71
301KC290,코스피200 P 201512 290.0,-,0,0,0,2014-12-09,KRDRVOPK2I,2015-12-10,290.0,253.10,253.21
301KC290,코스피200 P 201512 290.0,-,0,0,0,2014-12-10,KRDRVOPK2I,2015-12-10,290.0,248.95,249.35
301KC290,코스피200 P 201512 290.0,-,0,0,0,2014-12-11,KRDRVOPK2I,2015-12-10,290.0,245.80,245.54
301KC290,코스피200 P 201512 290.0,-,0,0,0,2014-12-12,KRDRVOPK2I,2015-12-10,290.0,244.60,246.44
301KC290,코스피200 P 201512 290.0,-,0,0,0,2014-12-15,KRDRVOPK2I,2015-12-10,290.0,245.80,246.27
301KC290,코스피200 P 201512 290.0,-,0,0,0,2014-12-16,KRDRVOPK2I,2015-12-10,290.0,243.50,244.43
301KC290,코스피200 P 201512 290.0,-,0,0,0,2014-12-17,KRDRVOPK2I,2015-12-10,290.0,242.60,243.72
301KC290,코스피200 P 201512 290.0,-,0,0,0,2014-12-18,KRDRVOPK2I,2015-12-10,290.0,242.45,243.82
301KC290,코스피200 P 201512 290.0,-,0,0,0,2014-12-19,KRDRVOPK2I,2015-12-10,290.0,246.50,247.96
301KC290,코스피200 P 201512 290.0,-,0,0,0,2014-12-22,KRDRVOPK2I,2015-12-10,290.0,247.80,249.70
301KC290,코스피200 P 201512 290.0,-,0,0,0,2014-12-23,KRDRVOPK2I,2015-12-10,290.0,247.20,249.06
301KC290,코스피200 P 201512 290.0,-,0,0,0,2014-12-24,KRDRVOPK2I,2015-12-10,290.0,248.35,250.07
301KC290,코스피200 P 201512 290.0,-,0,0,0,2014-12-26,KRDRVOPK2I,2015-12-10,290.0,248.90,250.05
301KC290,코스피200 P 201512 290.0,-,0,0,0,2014-12-29,KRDRVOPK2I,2015-12-10,290.0,247.40,246.30
301KC290,코스피200 P 201512 290.0,-,0,0,0,2014-12-30,KRDRVOPK2I,2015-12-10,290.0,244.00,244.05
301KC290,코스피200 P 201512 290.0,-,0,0,0,2015-01-02,KRDRVOPK2I,2015-12-10,290.0,245.50,244.79
301KC290,코스피200 P 201512 290.0,-,0,0,0,2015-01-05,KRDRVOPK2I,2015-12-10,290.0,244.75,244.26
301KC290,코스피200 P 201512 290.0,-,0,0,0,2015-01-06,KRDRVOPK2I,2015-12-10,290.0,240.50,239.93
301KC290,코스피200 P 201512 290.0,-,0,0,0,2015-01-07,KRDRVOPK2I,2015-12-10,290.0,241.05,240.53
301KC290,코스피200 P 201512 290.0,-,0,0,0,2015-01-08,KRDRVOPK2I,2015-12-10,290.0,243.95,243.94
301KC290,코스피200 P 201512 290.0,-,0,0,0,2015-01-09,KRDRVOPK2I,2015-12-10,290.0,247.10,246.05
301KC290,코스피200 P 201512 290.0,-,0,0,0,2015-01-12,KRDRVOPK2I,2015-12-10,290.0,246.45,245.70
301KC290,코스피200 P 201512 290.0,-,0,0,0,2015-01-13,KRDRVOPK2I,2015-12-10,290.0,247.45,246.29
301KC290,코스피200 P 201512 290.0,-,0,0,0,2015-01-14,KRDRVOPK2I,2015-12-10,290.0,246.25,245.99
301KC290,코스피200 P 201512 290.0,-,0,0,0,2015-01-15,KRDRVOPK2I,2015-12-10,290.0,247.40,245.76
301KC290,코스피200 P 201512 290.0,-,0,0,0,2015-01-16,KRDRVOPK2I,2015-12-10,290.0,243.15,242.22
301KC290,코스피200 P 201512 290.0,-,0,0,0,2015-01-19,KRDRVOPK2I,2015-12-10,290.0,246.50,244.78
301KC290,코스피200 P 201512 290.0,-,0,0,0,2015-01-20,KRDRVOPK2I,2015-12-10,290.0,247.90,247.24
301KC290,코스피200 P 201512 290.0,-,0,0,0,2015-01-21,KRDRVOPK2I,2015-12-10,290.0,248.80,248.59
301KC290,코스피200 P 201512 290.0,-,0,0,0,2015-01-22,KRDRVOPK2I,2015-12-10,290.0,249.65,248.47
301KC290,코스피200 P 201512 290.0,-,0,0,0,2015-01-23,KRDRVOPK2I,2015-12-10,290.0,251.20,250.32
301KC290,코스피200 P 201512 290.0,-,0,0,0,2015-01-26,KRDRVOPK2I,2015-12-10,290.0,250.95,250.14
301KC290,코스피200 P 201512 290.0,-,0,0,0,2015-01-27,KRDRVOPK2I,2015-12-10,290.0,252.70,252.20
301KC290,코스피200 P 201512 290.0,-,0,0,0,2015-01-28,KRDRVOPK2I,2015-12-10,290.0,252.65,252.21
301KC290,코스피200 P 201512 290.0,-,0,0,0,2015-01-29,KRDRVOPK2I,2015-12-10,290.0,252.00,250.46
301KC290,코스피200 P 201512 290.0,-,0,0,0,2015-01-30,KRDRVOPK2I,2015-12-10,290.0,251.20,249.88
301KC290,코스피200 P 201512 290.0,-,0,0,0,2015-02-02,KRDRVOPK2I,2015-12-10,290.0,251.25,250.61
301KC290,코스피200 P 201512 290.0,-,0,0,0,2015-02-03,KRDRVOPK2I,2015-12-10,290.0,250.70,250.38
301KC290,코스피200 P 201512 290.0,-,0,0,0,2015-02-04,KRDRVOPK2I,2015-12-10,290.0,252.45,251.60
301KC290,코스피200 P 201512 290.0,-,0,0,0,2015-02-05,KRDRVOPK2I,2015-12-10,290.0,249.75,249.78
301KC290,코스피200 P 201512 290.0,-,0,0,0,2015-02-06,KRDRVOPK2I,2015-12-10,290.0,250.50,250.16
301KC290,코스피200 P 201512 290.0,-,0,0,0,2015-02-09,KRDRVOPK2I,2015-12-10,290.0,250.15,249.26
301KC290,코스피200 P 201512 290.0,-,0,0,0,2015-02-10,KRDRVOPK2I,2015-12-10,290.0,248.55,247.66
301KC290,코스피200 P 201512 290.0,-,0,0,0,2015-02-11,KRDRVOPK2I,2015-12-10,290.0,249.05,248.40
301KC290,코스피200 P 201512 290.0,-,0,0,0,2015-02-12,KRDRVOPK2I,2015-12-10,290.0,248.40,247.71
301KC290,코스피200 P 201512 290.0,-,0,0,0,2015-02-13,KRDRVOPK2I,2015-12-10,290.0,250.00,249.76
301KC290,코스피200 P 201512 290.0,-,0,0,0,2015-02-16,KRDRVOPK2I,2015-12-10,290.0,250.55,249.81
301KC290,코스피200 P 201512 290.0,-,0,0,0,2015-02-17,KRDRVOPK2I,2015-12-10,290.0,250.95,250.37
301KC290,코스피200 P 201512 290.0,-,0,0,0,2015-02-23,KRDRVOPK2I,2015-12-10,290.0,251.65,250.80
301KC290,코스피200 P 201512 290.0,-,0,0,0,2015-02-24,KRDRVOPK2I,2015-12-10,290.0,252.00,251.28
301KC290,코스피200 P 201512 290.0,-,0,0,0,2015-02-25,KRDRVOPK2I,2015-12-10,290.0,252.90,252.96
301KC290,코스피200 P 201512 290.0,-,0,0,0,2015-02-26,KRDRVOPK2I,2015-12-10,290.0,252.75,252.93
301KC290,코스피200 P 201512 290.0,-,0,0,0,2015-02-27,KRDRVOPK2I,2015-12-10,290.0,252.10,251.46
301KC290,코스피200 P 201512 290.0,-,0,0,0,2015-03-02,KRDRVOPK2I,2015-12-10,290.0,253.55,253.65
301KC290,코스피200 P 201512 290.0,-,0,0,0,2015-03-03,KRDRVOPK2I,2015-12-10,290.0,254.60,254.50
301KC290,코스피200 P 201512 290.0,-,0,0,0,2015-03-04,KRDRVOPK2I,2015-12-10,290.0,254.30,254.31
301KC290,코스피200 P 201512 290.0,-,0,0,0,2015-03-05,KRDRVOPK2I,2015-12-10,290.0,254.45,254.16
301KC290,코스피200 P 201512 290.0,-,0,0,0,2015-03-06,KRDRVOPK2I,2015-12-10,290.0,255.80,255.96
301KC290,코스피200 P 201512 290.0,-,0,0,0,2015-03-09,KRDRVOPK2I,2015-12-10,290.0,253.00,252.77
301KC290,코스피200 P 201512 290.0,-,0,0,0,2015-03-10,KRDRVOPK2I,2015-12-10,290.0,251.85,251.75
301KC290,코스피200 P 201512 290.0,-,0,0,0,2015-03-11,KRDRVOPK2I,2015-12-10,290.0,251.75,252.16
301KC290,코스피200 P 201512 290.0,-,0,0,0,2015-03-12,KRDRVOPK2I,2015-12-10,290.0,251.10,250.28
301KC290,코스피200 P 201512 290.0,-,0,0,0,2015-03-13,KRDRVOPK2I,2015-12-10,290.0,253.60,252.18
301KC290,코스피200 P 201512 290.0,-,0,0,0,2015-03-16,KRDRVOPK2I,2015-12-10,290.0,254.10,252.44
301KC290,코스피200 P 201512 290.0,-,0,0,0,2015-03-17,KRDRVOPK2I,2015-12-10,290.0,259.45,258.18
301KC290,코스피200 P 201512 290.0,-,0,0,0,2015-03-18,KRDRVOPK2I,2015-12-10,290.0,260.00,258.22
301KC290,코스피200 P 201512 290.0,-,0,0,0,2015-03-19,KRDRVOPK2I,2015-12-10,290.0,260.60,258.99
301KC290,코스피200 P 201512 290.0,-,0,0,0,2015-03-20,KRDRVOPK2I,2015-12-10,290.0,260.15,258.70
301KC290,코스피200 P 201512 290.0,-,0,0,0,2015-03-23,KRDRVOPK2I,2015-12-10,290.0,260.25,258.95
301KC290,코스피200 P 201512 290.0,-,0,0,0,2015-03-24,KRDRVOPK2I,2015-12-10,290.0,260.45,259.16
301KC290,코스피200 P 201512 290.0,-,0,0,0,2015-03-25,KRDRVOPK2I,2015-12-10,290.0,260.55,258.94
301KC290,코스피200 P 201512 290.0,-,0,0,0,2015-03-26,KRDRVOPK2I,2015-12-10,290.0,257.75,255.99
301KC290,코스피200 P 201512 290.0,-,0,0,0,2015-03-27,KRDRVOPK2I,2015-12-10,290.0,257.55,255.54
301KC290,코스피200 P 201512 290.0,-,0,0,0,2015-03-30,KRDRVOPK2I,2015-12-10,290.0,257.60,256.10
301KC290,코스피200 P 201512 290.0,-,0,0,0,2015-03-31,KRDRVOPK2I,2015-12-10,290.0,257.60,257.28
301KC290,코스피200 P 201512 290.0,-,0,0,0,2015-04-01,KRDRVOPK2I,2015-12-10,290.0,255.70,254.97
301KC290,코스피200 P 201512 290.0,-,0,0,0,2015-04-02,KRDRVOPK2I,2015-12-10,290.0,256.35,254.99
301KC290,코스피200 P 201512 290.0,-,0,0,0,2015-04-03,KRDRVOPK2I,2015-12-10,290.0,258.35,256.75
301KC290,코스피200 P 201512 290.0,-,0,0,0,2015-04-06,KRDRVOPK2I,2015-12-10,290.0,257.95,256.93
301KC290,코스피200 P 201512 290.0,-,0,0,0,2015-04-07,KRDRVOPK2I,2015-12-10,290.0,257.60,256.88
301KC290,코스피200 P 201512 290.0,-,0,0,0,2015-04-08,KRDRVOPK2I,2015-12-10,290.0,259.45,258.51
301KC290,코스피200 P 201512 290.0,-,0,0,0,2015-04-09,KRDRVOPK2I,2015-12-10,290.0,259.00,258.33
301KC290,코스피200 P 201512 290.0,-,0,0,0,2015-04-10,KRDRVOPK2I,2015-12-10,290.0,262.50,261.95
301KC290,코스피200 P 201512 290.0,-,0,0,0,2015-04-13,KRDRVOPK2I,2015-12-10,290.0,264.50,263.48
301KC290,코스피200 P 201512 290.0,-,0,0,0,2015-04-14,KRDRVOPK2I,2015-12-10,290.0,265.90,265.57
301KC290,코스피200 P 201512 290.0,-,0,0,0,2015-04-15,KRDRVOPK2I,2015-12-10,290.0,266.95,265.77
301KC290,코스피200 P 201512 290.0,-,0,0,0,2015-04-16,KRDRVOPK2I,2015-12-10,290.0,269.25,268.45
301KC290,코스피200 P 201512 290.0,-,0,0,0,2015-04-17,KRDRVOPK2I,2015-12-10,290.0,268.90,268.28
301KC290,코스피200 P 201512 290.0,-,0,0,0,2015-04-20,KRDRVOPK2I,2015-12-10,290.0,269.10,268.55
301KC290,코스피200 P 201512 290.0,-,0,0,0,2015-04-21,KRDRVOPK2I,2015-12-10,290.0,269.05,268.17
301KC290,코스피200 P 201512 290.0,24.45,1,"12,225,000",0,2015-04-22,KRDRVOPK2I,2015-12-10,290.0,270.25,268.64
301KC290,코스피200 P 201512 290.0,23.60,2,"23,600,000",2,2015-04-23,KRDRVOPK2I,2015-12-10,290.0,274.00,272.59
301KC290,코스피200 P 201512 290.0,22.00,4,"43,600,000",6,2015-04-24,KRDRVOPK2I,2015-12-10,290.0,272.05,271.05
301KC290,코스피200 P 201512 290.0,-,0,0,6,2015-04-27,KRDRVOPK2I,2015-12-10,290.0,271.40,270.05
301KC290,코스피200 P 201512 290.0,-,0,0,6,2015-04-28,KRDRVOPK2I,2015-12-10,290.0,270.20,268.55
301KC290,코스피200 P 201512 290.0,-,0,0,6,2015-04-29,KRDRVOPK2I,2015-12-10,290.0,269.00,268.03
301KC290,코스피200 P 201512 290.0,-,0,0,6,2015-04-30,KRDRVOPK2I,2015-12-10,290.0,268.15,266.42
301KC290,코스피200 P 201512 290.0,-,0,0,6,2015-05-04,KRDRVOPK2I,2015-12-10,290.0,269.10,267.33
301KC290,코스피200 P 201512 290.0,-,0,0,6,2015-05-06,KRDRVOPK2I,2015-12-10,290.0,264.30,264.03
301KC290,코스피200 P 201512 290.0,-,0,0,6,2015-05-07,KRDRVOPK2I,2015-12-10,290.0,263.15,262.47
301KC290,코스피200 P 201512 290.0,-,0,0,6,2015-05-08,KRDRVOPK2I,2015-12-10,290.0,261.50,260.81
301KC290,코스피200 P 201512 290.0,-,0,0,6,2015-05-11,KRDRVOPK2I,2015-12-10,290.0,262.50,261.49
301KC290,코스피200 P 201512 290.0,-,0,0,6,2015-05-12,KRDRVOPK2I,2015-12-10,290.0,262.50,261.42
301KC290,코스피200 P 201512 290.0,-,0,0,6,2015-05-13,KRDRVOPK2I,2015-12-10,290.0,263.95,263.25
301KC290,코스피200 P 201512 290.0,-,0,0,6,2015-05-14,KRDRVOPK2I,2015-12-10,290.0,264.10,263.69
301KC290,코스피200 P 201512 290.0,-,0,0,6,2015-05-15,KRDRVOPK2I,2015-12-10,290.0,261.25,261.33
301KC290,코스피200 P 201512 290.0,-,0,0,6,2015-05-18,KRDRVOPK2I,2015-12-10,290.0,261.85,261.97
301KC290,코스피200 P 201512 290.0,-,0,0,6,2015-05-19,KRDRVOPK2I,2015-12-10,290.0,263.45,262.92
301KC290,코스피200 P 201512 290.0,-,0,0,6,2015-05-20,KRDRVOPK2I,2015-12-10,290.0,265.80,265.36
301KC290,코스피200 P 201512 290.0,-,0,0,6,2015-05-21,KRDRVOPK2I,2015-12-10,290.0,262.50,262.66
301KC290,코스피200 P 201512 290.0,-,0,0,6,2015-05-22,KRDRVOPK2I,2015-12-10,290.0,265.80,266.03
301KC290,코스피200 P 201512 290.0,-,0,0,6,2015-05-26,KRDRVOPK2I,2015-12-10,290.0,265.20,265.41
301KC290,코스피200 P 201512 290.0,-,0,0,6,2015-05-27,KRDRVOPK2I,2015-12-10,290.0,259.40,260.16
301KC290,코스피200 P 201512 290.0,-,0,0,6,2015-05-28,KRDRVOPK2I,2015-12-10,290.0,260.15,260.06
301KC290,코스피200 P 201512 290.0,-,0,0,6,2015-05-29,KRDRVOPK2I,2015-12-10,290.0,261.20,260.39
301KC290,코스피200 P 201512 290.0,-,0,0,6,2015-06-01,KRDRVOPK2I,2015-12-10,290.0,258.60,258.74
301KC290,코스피200 P 201512 290.0,-,0,0,6,2015-06-02,KRDRVOPK2I,2015-12-10,290.0,256.65,256.29
301KC290,코스피200 P 201512 290.0,-,0,0,6,2015-06-03,KRDRVOPK2I,2015-12-10,290.0,254.40,254.11
301KC290,코스피200 P 201512 290.0,-,0,0,6,2015-06-04,KRDRVOPK2I,2015-12-10,290.0,254.85,255.47
301KC290,코스피200 P 201512 290.0,-,0,0,6,2015-06-05,KRDRVOPK2I,2015-12-10,290.0,254.75,254.94
301KC290,코스피200 P 201512 290.0,-,0,0,6,2015-06-08,KRDRVOPK2I,2015-12-10,290.0,254.25,254.21
301KC290,코스피200 P 201512 290.0,-,0,0,6,2015-06-09,KRDRVOPK2I,2015-12-10,290.0,253.95,253.51
301KC290,코스피200 P 201512 290.0,-,0,0,6,2015-06-10,KRDRVOPK2I,2015-12-10,290.0,252.30,252.11
301KC290,코스피200 P 201512 290.0,-,0,0,6,2015-06-11,KRDRVOPK2I,2015-12-10,290.0,252.70,252.32
301KC290,코스피200 P 201512 290.0,-,0,0,6,2015-06-12,KRDRVOPK2I,2015-12-10,290.0,251.40,251.66
301KC290,코스피200 P 201512 290.0,-,0,0,6,2015-06-15,KRDRVOPK2I,2015-12-10,290.0,251.15,250.74
301KC290,코스피200 P 201512 290.0,-,0,0,6,2015-06-16,KRDRVOPK2I,2015-12-10,290.0,248.30,248.49
301KC290,코스피200 P 201512 290.0,-,0,0,6,2015-06-17,KRDRVOPK2I,2015-12-10,290.0,249.50,249.08
301KC290,코스피200 P 201512 290.0,-,0,0,6,2015-06-18,KRDRVOPK2I,2015-12-10,290.0,249.45,249.67
301KC290,코스피200 P 201512 290.0,-,0,0,6,2015-06-19,KRDRVOPK2I,2015-12-10,290.0,251.00,249.84
301KC290,코스피200 P 201512 290.0,-,0,0,6,2015-06-22,KRDRVOPK2I,2015-12-10,290.0,252.00,250.99
301KC290,코스피200 P 201512 290.0,-,0,0,6,2015-06-23,KRDRVOPK2I,2015-12-10,290.0,255.50,254.52
301KC290,코스피200 P 201512 290.0,-,0,0,6,2015-06-24,KRDRVOPK2I,2015-12-10,290.0,254.85,254.94
301KC290,코스피200 P 201512 290.0,-,0,0,6,2015-06-25,KRDRVOPK2I,2015-12-10,290.0,254.70,253.80
301KC290,코스피200 P 201512 290.0,-,0,0,6,2015-06-26,KRDRVOPK2I,2015-12-10,290.0,254.90,254.48
301KC290,코스피200 P 201512 290.0,-,0,0,6,2015-06-29,KRDRVOPK2I,2015-12-10,290.0,251.70,251.26
301KC290,코스피200 P 201512 290.0,-,0,0,6,2015-06-30,KRDRVOPK2I,2015-12-10,290.0,252.25,252.27
301KC290,코스피200 P 201512 290.0,-,0,0,6,2015-07-01,KRDRVOPK2I,2015-12-10,290.0,255.75,255.07
301KC290,코스피200 P 201512 290.0,-,0,0,6,2015-07-02,KRDRVOPK2I,2015-12-10,290.0,255.75,255.50
301KC290,코스피200 P 201512 290.0,-,0,0,6,2015-07-03,KRDRVOPK2I,2015-12-10,290.0,255.10,254.66
301KC290,코스피200 P 201512 290.0,-,0,0,6,2015-07-06,KRDRVOPK2I,2015-12-10,290.0,248.50,248.30
301KC290,코스피200 P 201512 290.0,-,0,0,6,2015-07-07,KRDRVOPK2I,2015-12-10,290.0,249.10,248.05
301KC290,코스피200 P 201512 290.0,-,0,0,6,2015-07-08,KRDRVOPK2I,2015-12-10,290.0,245.55,244.94
301KC290,코스피200 P 201512 290.0,-,0,0,6,2015-07-09,KRDRVOPK2I,2015-12-10,290.0,247.65,246.77
301KC290,코스피200 P 201512 290.0,-,0,0,6,2015-07-10,KRDRVOPK2I,2015-12-10,290.0,247.75,246.83
301KC290,코스피200 P 201512 290.0,-,0,0,6,2015-07-13,KRDRVOPK2I,2015-12-10,290.0,249.30,249.84
301KC290,코스피200 P 201512 290.0,40.25,5,"100,675,000",11,2015-07-14,KRDRVOPK2I,2015-12-10,290.0,249.15,248.64
301KC290,코스피200 P 201512 290.0,39.30,1,"19,650,000",12,2015-07-15,KRDRVOPK2I,2015-12-10,290.0,249.65,249.65
301KC290,코스피200 P 201512 290.0,-,0,0,12,2015-07-16,KRDRVOPK2I,2015-12-10,290.0,251.50,251.47
301KC290,코스피200 P 201512 290.0,39.10,2,"37,925,000",14,2015-07-17,KRDRVOPK2I,2015-12-10,290.0,249.80,250.23
301KC290,코스피200 P 201512 290.0,-,0,0,14,2015-07-20,KRDRVOPK2I,2015-12-10,290.0,249.20,248.91
301KC290,코스피200 P 201512 290.0,-,0,0,14,2015-07-21,KRDRVOPK2I,2015-12-10,290.0,249.80,250.35
301KC290,코스피200 P 201512 290.0,-,0,0,14,2015-07-22,KRDRVOPK2I,2015-12-10,290.0,247.60,247.88
301KC290,코스피200 P 201512 290.0,-,0,0,14,2015-07-23,KRDRVOPK2I,2015-12-10,290.0,247.45,247.31
301KC290,코스피200 P 201512 290.0,-,0,0,14,2015-07-24,KRDRVOPK2I,2015-12-10,290.0,244.65,244.91
301KC290,코스피200 P 201512 290.0,43.45,2,"43,425,000",16,2015-07-27,KRDRVOPK2I,2015-12-10,290.0,245.40,244.98
301KC290,코스피200 P 201512 290.0,-,0,0,16,2015-07-28,KRDRVOPK2I,2015-12-10,290.0,245.50,245.21
301KC290,코스피200 P 201512 290.0,-,0,0,16,2015-07-29,KRDRVOPK2I,2015-12-10,290.0,246.75,245.97
301KC290,코스피200 P 201512 290.0,-,0,0,16,2015-07-30,KRDRVOPK2I,2015-12-10,290.0,244.45,243.61
301KC290,코스피200 P 201512 290.0,-,0,0,16,2015-07-31,KRDRVOPK2I,2015-12-10,290.0,243.40,244.30
301KC290,코스피200 P 201512 290.0,-,0,0,16,2015-08-03,KRDRVOPK2I,2015-12-10,290.0,242.25,241.48
301KC290,코스피200 P 201512 290.0,-,0,0,16,2015-08-04,KRDRVOPK2I,2015-12-10,290.0,243.20,243.55
301KC290,코스피200 P 201512 290.0,-,0,0,16,2015-08-05,KRDRVOPK2I,2015-12-10,290.0,243.70,243.12
301KC290,코스피200 P 201512 290.0,-,0,0,16,2015-08-06,KRDRVOPK2I,2015-12-10,290.0,240.20,240.04
301KC290,코스피200 P 201512 290.0,48.70,2,"48,700,000",16,2015-08-07,KRDRVOPK2I,2015-12-10,290.0,239.80,239.79
301KC290,코스피200 P 201512 290.0,-,0,0,16,2015-08-10,KRDRVOPK2I,2015-12-10,290.0,239.60,239.18
301KC290,코스피200 P 201512 290.0,-,0,0,16,2015-08-11,KRDRVOPK2I,2015-12-10,290.0,238.60,237.91
301KC290,코스피200 P 201512 290.0,-,0,0,16,2015-08-12,KRDRVOPK2I,2015-12-10,290.0,236.55,237.24
301KC290,코스피200 P 201512 290.0,-,0,0,16,2015-08-13,KRDRVOPK2I,2015-12-10,290.0,238.50,237.32
301KC290,코스피200 P 201512 290.0,-,0,0,16,2015-08-17,KRDRVOPK2I,2015-12-10,290.0,236.15,235.37
301KC290,코스피200 P 201512 290.0,-,0,0,16,2015-08-18,KRDRVOPK2I,2015-12-10,290.0,235.35,235.20
301KC290,코스피200 P 201512 290.0,-,0,0,16,2015-08-19,KRDRVOPK2I,2015-12-10,290.0,233.45,234.27
301KC290,코스피200 P 201512 290.0,-,0,0,16,2015-08-20,KRDRVOPK2I,2015-12-10,290.0,231.35,231.59
301KC290,코스피200 P 201512 290.0,-,0,0,16,2015-08-21,KRDRVOPK2I,2015-12-10,290.0,228.15,227.14
301KC290,코스피200 P 201512 290.0,-,0,0,16,2015-08-24,KRDRVOPK2I,2015-12-10,290.0,220.70,221.53
301KC290,코스피200 P 201512 290.0,-,0,0,16,2015-08-25,KRDRVOPK2I,2015-12-10,290.0,223.05,223.07
301KC290,코스피200 P 201512 290.0,-,0,0,16,2015-08-26,KRDRVOPK2I,2015-12-10,290.0,226.95,227.71
301KC290,코스피200 P 201512 290.0,-,0,0,16,2015-08-27,KRDRVOPK2I,2015-12-10,290.0,228.00,228.94
301KC290,코스피200 P 201512 290.0,-,0,0,16,2015-08-28,KRDRVOPK2I,2015-12-10,290.0,231.70,232.35
301KC290,코스피200 P 201512 290.0,-,0,0,16,2015-08-31,KRDRVOPK2I,2015-12-10,290.0,231.05,232.80
301KC290,코스피200 P 201512 290.0,-,0,0,16,2015-09-01,KRDRVOPK2I,2015-12-10,290.0,228.80,229.55
301KC290,코스피200 P 201512 290.0,-,0,0,16,2015-09-02,KRDRVOPK2I,2015-12-10,290.0,229.45,229.91
301KC290,코스피200 P 201512 290.0,-,0,0,16,2015-09-03,KRDRVOPK2I,2015-12-10,290.0,229.50,230.40
301KC290,코스피200 P 201512 290.0,-,0,0,16,2015-09-04,KRDRVOPK2I,2015-12-10,290.0,227.30,227.90
301KC290,코스피200 P 201512 290.0,-,0,0,16,2015-09-07,KRDRVOPK2I,2015-12-10,290.0,227.30,227.31
301KC290,코스피200 P 201512 290.0,-,0,0,16,2015-09-08,KRDRVOPK2I,2015-12-10,290.0,228.00,227.76
301KC290,코스피200 P 201512 290.0,-,0,0,16,2015-09-09,KRDRVOPK2I,2015-12-10,290.0,234.85,234.40
301KC290,코스피200 P 201512 290.0,-,0,0,16,2015-09-10,KRDRVOPK2I,2015-12-10,290.0,236.05,237.18
301KC290,코스피200 P 201512 290.0,-,0,0,16,2015-09-11,KRDRVOPK2I,2015-12-10,290.0,234.00,233.74
301KC290,코스피200 P 201512 290.0,-,0,0,16,2015-09-14,KRDRVOPK2I,2015-12-10,290.0,232.45,233.06
301KC290,코스피200 P 201512 290.0,-,0,0,16,2015-09-15,KRDRVOPK2I,2015-12-10,290.0,233.10,233.59
301KC290,코스피200 P 201512 290.0,-,0,0,16,2015-09-16,KRDRVOPK2I,2015-12-10,290.0,239.20,238.78
301KC290,코스피200 P 201512 290.0,-,0,0,16,2015-09-17,KRDRVOPK2I,2015-12-10,290.0,239.90,239.29
301KC290,코스피200 P 201512 290.0,-,0,0,16,2015-09-18,KRDRVOPK2I,2015-12-10,290.0,241.30,241.12
301KC290,코스피200 P 201512 290.0,-,0,0,16,2015-09-21,KRDRVOPK2I,2015-12-10,290.0,237.10,236.72
301KC290,코스피200 P 201512 290.0,-,0,0,16,2015-09-22,KRDRVOPK2I,2015-12-10,290.0,238.50,238.68
301KC290,코스피200 P 201512 290.0,-,0,0,16,2015-09-23,KRDRVOPK2I,2015-12-10,290.0,235.60,234.26
301KC290,코스피200 P 201512 290.0,-,0,0,16,2015-09-24,KRDRVOPK2I,2015-12-10,290.0,234.90,234.26
301KC290,코스피200 P 201512 290.0,-,0,0,16,2015-09-25,KRDRVOPK2I,2015-12-10,290.0,234.85,233.79
301KC290,코스피200 P 201512 290.0,53.20,1,"26,600,000",16,2015-09-30,KRDRVOPK2I,2015-12-10,290.0,236.40,236.71
301KC290,코스피200 P 201512 290.0,-,0,0,16,2015-10-01,KRDRVOPK2I,2015-12-10,290.0,239.00,238.62
301KC290,코스피200 P 201512 290.0,-,0,0,16,2015-10-02,KRDRVOPK2I,2015-12-10,290.0,237.20,237.15
301KC290,코스피200 P 201512 290.0,-,0,0,16,2015-10-05,KRDRVOPK2I,2015-12-10,290.0,238.25,237.98
301KC290,코스피200 P 201512 290.0,-,0,0,16,2015-10-06,KRDRVOPK2I,2015-12-10,290.0,240.15,240.18
301KC290,코스피200 P 201512 290.0,-,0,0,16,2015-10-07,KRDRVOPK2I,2015-12-10,290.0,243.80,243.52
301KC290,코스피200 P 201512 290.0,-,0,0,16,2015-10-08,KRDRVOPK2I,2015-12-10,290.0,245.80,246.02
301KC290,코스피200 P 201512 290.0,-,0,0,16,2015-10-12,KRDRVOPK2I,2015-12-10,290.0,247.15,246.49
301KC290,코스피200 P 201512 290.0,-,0,0,16,2015-10-13,KRDRVOPK2I,2015-12-10,290.0,246.50,246.04
301KC290,코스피200 P 201512 290.0,-,0,0,16,2015-10-14,KRDRVOPK2I,2015-12-10,290.0,246.10,244.94
301KC290,코스피200 P 201512 290.0,-,0,0,16,2015-10-15,KRDRVOPK2I,2015-12-10,290.0,249.10,247.89
301KC290,코스피200 P 201512 290.0,-,0,0,16,2015-10-16,KRDRVOPK2I,2015-12-10,290.0,248.30,247.37
301KC290,코스피200 P 201512 290.0,-,0,0,16,2015-10-19,KRDRVOPK2I,2015-12-10,290.0,248.05,247.47
301KC290,코스피200 P 201512 290.0,-,0,0,16,2015-10-20,KRDRVOPK2I,2015-12-10,290.0,248.90,248.53
301KC290,코스피200 P 201512 290.0,-,0,0,16,2015-10-21,KRDRVOPK2I,2015-12-10,290.0,249.70,249.25
301KC290,코스피200 P 201512 290.0,-,0,0,16,2015-10-22,KRDRVOPK2I,2015-12-10,290.0,248.35,247.22
301KC290,코스피200 P 201512 290.0,-,0,0,16,2015-10-23,KRDRVOPK2I,2015-12-10,290.0,250.15,249.41
301KC290,코스피200 P 201512 290.0,39.00,1,"19,500,000",16,2015-10-26,KRDRVOPK2I,2015-12-10,290.0,250.80,250.36
301KC290,코스피200 P 201512 290.0,-,0,0,16,2015-10-27,KRDRVOPK2I,2015-12-10,290.0,251.10,250.04
301KC290,코스피200 P 201512 290.0,-,0,0,16,2015-10-28,KRDRVOPK2I,2015-12-10,290.0,251.10,249.79
301KC290,코스피200 P 201512 290.0,39.75,3,"59,700,000",15,2015-10-29,KRDRVOPK2I,2015-12-10,290.0,249.50,248.93
301KC290,코스피200 P 201512 290.0,-,0,0,15,2015-10-30,KRDRVOPK2I,2015-12-10,290.0,251.20,249.41
301KC290,코스피200 P 201512 290.0,-,0,0,15,2015-11-02,KRDRVOPK2I,2015-12-10,290.0,250.65,250.60
301KC290,코스피200 P 201512 290.0,-,0,0,15,2015-11-03,KRDRVOPK2I,2015-12-10,290.0,253.35,252.12
301KC290,코스피200 P 201512 290.0,36.65,1,"18,325,000",15,2015-11-04,KRDRVOPK2I,2015-12-10,290.0,252.95,252.33
301KC290,코스피200 P 201512 290.0,-,0,0,15,2015-11-05,KRDRVOPK2I,2015-12-10,290.0,252.55,251.79
301KC290,코스피200 P 201512 290.0,-,0,0,15,2015-11-06,KRDRVOPK2I,2015-12-10,290.0,250.85,250.25
301KC290,코스피200 P 201512 290.0,39.75,1,"19,875,000",15,2015-11-09,KRDRVOPK2I,2015-12-10,290.0,250.25,249.21
301KC290,코스피200 P 201512 290.0,-,0,0,15,2015-11-10,KRDRVOPK2I,2015-12-10,290.0,245.90,245.86
301KC290,코스피200 P 201512 290.0,-,0,0,15,2015-11-11,KRDRVOPK2I,2015-12-10,290.0,246.00,245.86
301KC290,코스피200 P 201512 290.0,-,0,0,15,2015-11-12,KRDRVOPK2I,2015-12-10,290.0,246.00,245.14
301KC290,코스피200 P 201512 290.0,46.45,1,"23,225,000",15,2015-11-13,KRDRVOPK2I,2015-12-10,290.0,242.80,242.71
301KC290,코스피200 P 201512 290.0,49.30,1,"24,650,000",15,2015-11-16,KRDRVOPK2I,2015-12-10,290.0,240.40,238.87
301KC290,코스피200 P 201512 290.0,47.55,12,"287,425,000",15,2015-11-17,KRDRVOPK2I,2015-12-10,290.0,241.75,241.26
301KC290,코스피200 P 201512 290.0,48.20,1,"24,100,000",15,2015-11-18,KRDRVOPK2I,2015-12-10,290.0,241.55,241.44
301KC290,코스피200 P 201512 290.0,45.40,1,"22,700,000",15,2015-11-19,KRDRVOPK2I,2015-12-10,290.0,244.95,244.79
301KC290,코스피200 P 201512 290.0,45.05,1,"22,525,000",15,2015-11-20,KRDRVOPK2I,2015-12-10,290.0,245.05,244.80
301KC290,코스피200 P 201512 290.0,43.30,1,"21,650,000",15,2015-11-23,KRDRVOPK2I,2015-12-10,290.0,247.00,245.92
301KC290,코스피200 P 201512 290.0,42.80,1,"21,400,000",15,2015-11-24,KRDRVOPK2I,2015-12-10,290.0,247.60,247.51
301KC290,코스피200 P 201512 290.0,42.55,1,"21,275,000",15,2015-11-25,KRDRVOPK2I,2015-12-10,290.0,247.35,246.58
301KC290,코스피200 P 201512 290.0,39.70,1,"19,850,000",15,2015-11-26,KRDRVOPK2I,2015-12-10,290.0,250.30,249.43
301KC290,코스피200 P 201512 290.0,39.95,1,"19,975,000",15,2015-11-27,KRDRVOPK2I,2015-12-10,290.0,249.70,249.07
301KC290,코스피200 P 201512 290.0,44.35,1,"22,175,000",15,2015-11-30,KRDRVOPK2I,2015-12-10,290.0,244.85,244.24
301KC290,코스피200 P 201512 290.0,42.50,1,"21,250,000",15,2015-12-01,KRDRVOPK2I,2015-12-10,290.0,248.50,248.70
301KC290,코스피200 P 201512 290.0,42.40,1,"21,200,000",15,2015-12-02,KRDRVOPK2I,2015-12-10,290.0,246.80,246.60
301KC290,코스피200 P 201512 290.0,46.15,1,"23,075,000",15,2015-12-03,KRDRVOPK2I,2015-12-10,290.0,244.60,244.68
301KC290,코스피200 P 201512 290.0,47.55,1,"23,775,000",15,2015-12-04,KRDRVOPK2I,2015-12-10,290.0,241.70,242.15
301KC290,코스피200 P 201512 290.0,47.75,1,"23,875,000",15,2015-12-07,KRDRVOPK2I,2015-12-10,290.0,241.50,240.68
301KC290,코스피200 P 201512 290.0,49.85,1,"24,925,000",15,2015-12-08,KRDRVOPK2I,2015-12-10,290.0,239.90,239.23
301KC290,코스피200 P 201512 290.0,49.75,1,"24,875,000",15,2015-12-09,KRDRVOPK2I,2015-12-10,290.0,239.95,239.40
301KC290,코스피200 P 201512 290.0,49.25,1,"24,625,000",0,2015-12-10,KRDRVOPK2I,2015-12-10,290.0,242.00,240.60
